2.0553006037042088 4.2242605715868846
-4.9843734689124313 24.843978877598143
-1.4729990289522095 2.1697261392941520
-3.6921642456485215 13.632076816845316
-2.4616236430421448 6.0595909599840807
3.4162873173500592 11.671019034686864
-2.3629526231137725 5.5835450990802586
-0.92773783789275110 0.86069749585791655
4.0589098685802192 16.474749321257892
-0.37935238519891723 0.14390823215610768
4.9642390450268961 24.643669296169548
-3.1997570445607879 10.238445144216389
0.42326434842011240 0.17915270864350230
1.4736204165784852 2.1715571321569485
-2.0210217674098150 4.0845289843442920
3.5515219443496435 12.613308121197072
-4.1436814755925768 17.170096171169074
2.7186607963050943E-002 7.3911165253662497E-004
-1.1726035391307488 1.3749990599819575
-4.0309715862408746 16.248731929081274
1.7116585489102663 2.9297749880575985
2.6939179112045317 7.2571937123085872
-2.3649410740400389 5.5929462836816528
-5.7770824420941089 33.374681542752036
4.1028397611810616 16.833294105928271
-2.1547262410719998 4.6428451739642700
6.0429133812971330 36.516802133859947
5.8239040455373701 33.917858331626547
-5.0537728510997875 25.540620030513274
3.7321575414338608 13.928999914081640
4.2555131932534804 18.109392537954434
-4.2962390219200968 18.457669733468951
-6.0002283136412400 36.002739815821997
-6.2155033053321116 38.632481338594403
1.4259912959863157 2.0334511762287324
6.2800348229315750 39.438837377233220
0.34900153000721240 0.12180206794737518
-5.7446224415918827 33.000686996441082
5.9816735393787797 35.780418331704254
-2.7202584773185317 7.3998061834233360
-2.6082235315707476 6.8028299906393830
-4.5463938447660368 20.669696991726507
5.3148308312731798 28.247426765051959
2.2470445071270850 5.0492090170100044
-6.1559639266844188 37.895891866639850
2.3108627818632232 5.3400867966006347
6.2439198197997525 38.986534716088173
-2.1572826774978173 4.6538685506321515
5.5127315662257557 30.390209321261874
3.1956837739646655 10.212394783181047
0.96305676030941390 0.92747832357766391
1.8432398033227191 3.3975329725531762
4.2391613791019322 17.970489198069394
-4.6568744260149249 21.686479419671837
9.6801369436612609E-003 9.3705051248035571E-005
5.5994580845548603 31.353930840686786
-3.6632814494347472 13.419630977772742
-5.5391498872416776 30.682181473329489
2.1597199404266032 4.6643902210762906
6.0932748315637060 37.127998172967708
5.4825639553331458 30.058507524318227
-4.8321153291228480 23.349338553944008
4.2783044106931909 18.303888630556813
2.4535372387027414 6.0198449817010733
-5.3747918354922248 28.888387274873878
4.1473472440826038 17.200489162999570
3.5067746598890870 12.297468515240222
-1.5356730981121982 2.3582918642655173
-4.6303001194188056 21.439679195889806
-1.1090364736821114 1.2299618999572526
-4.2325953905547040 17.914863740144927
5.0695940619355238 25.700783952811921
1.5687869275785373 2.4610924241413068
-4.0124506266970323 16.099760031681409
1.5825472359728061 2.5044557540851686
-4.5924455866917411 21.090556466724451
-3.1929370873898644 10.194847244029670
-2.0424998397009833 4.1718055951785420
-3.6880499743104882 13.601712613011593
4.3498350174755975 18.921064679256933
-2.3877595646206831 5.7013957384375535
1.9446424129518360 3.7816341142511392
-1.5365724788078852 2.3610549826298088
-1.6605990650808973 2.7575892549475500
-0.43436526905520517 0.18867318696140079
-0.13764119552173348 1.8945098704652066E-002
-3.6922703770940073 13.632860537565923
-3.6714138583128042 13.479279719011311
-5.9167821797039872 35.008311362062663
5.7042353859174657 32.538301337952980
-3.4575814880598701 11.954869746574305
1.8226656417673928 3.3221100416793417
2.7372332123519394 7.4924456588025174
-1.5303342170031935 2.3419228157307774
-2.6713941148979852 7.1363465171115896
-4.9991557276681950 24.991557989477720
2.1137520990036376 4.4679479360422834
4.7357751831926995 22.427566585743847
-4.7313544702695642 22.385715123339789
6.0693626277958010 36.837162707684350
-1.7556249930243082 3.0822191161316024
6.0279084647036196 36.335680458845552
3.6361730591673846 13.221754516214697
0.60540394431313760 0.36651393578990460
-3.3627110468784567 11.307825584798406
2.7586415054566671 7.6101029556282267
-2.6888777822534800 7.2300637278963924
-5.0112255439746036 25.112381452583563
-3.3041425519309011 10.917358003480448
3.6421169531213220 13.265015900213742
-1.2013930831111113 1.4433453401472214
2.7425428767859752 7.5215414310094930
-2.0527829277642842 4.2139177485205064
3.9549549428564843 15.641668600024937
0.67845039957253583 0.46029494468013354
5.7373793907339756 32.917522273218964
-4.3104576083466144 18.580044793353213
5.4106592901078283 29.275233953630149
3.6963735885026892 13.663177705780248
1.9147877596578968 3.6664121645357075
3.9043243432737254 15.243748577479806
1.9538130600443704 3.8173854735999466
5.3608233568799530 28.738427063669647
-6.0190650756355000 36.229144384734987
-3.4566124707213817 11.948169772746574
-3.2249064404499936 10.400021549655849
4.7320259060727095 22.392069175743249
-0.65299743711694047 0.42640565288129262
0.30785828540291194 9.4776723891220785E-002
0.57290958409896142 0.32822539155244496
2.2262109926715841 4.9560153838918000
0.42228464466866711 0.17832432112294244
8.2031201677830456E-002 6.7291180487088946E-003
-2.8362176895056139 8.0441307822645634
-0.88356333894627137 0.78068417392988365
-2.0228008429439033 4.0917232502145655
-3.2750831579357831 10.726169691394622
-6.0122735553158293 36.147433303950045
-1.7294141849256384 2.9908734230220100
-4.7401333463659192 22.468864141330169
-5.5622932445119417 30.939106137943185
4.2060851905231926 17.691152629938522
2.3316317851605546 5.4365067815709942
1.5576240573551257 2.4261927040514437
-4.0442728615987971 16.356142979064522
-3.8985950118385215 15.199043066332202
-2.3805225945256305 5.6668878230470394
-1.7825369976057170 3.1774381478332039
-2.7868462436467802 7.7665119857281688
5.6173723006410130 31.554871564008906
5.4933888008510285 30.177320517315501
2.0590523343593685 4.2396965156307651
2.4764478589790166 6.1327939982417554
0.25208377421083689 6.3546229220380196E-002
-5.3926855776907328 29.081057739833632
-0.89438057883274324 0.79991661979319284
-2.4565768420783609 6.0347697810356919
-4.5645915346029593 20.835495877768999
-1.2449971863082068 1.5500179939153518
2.9981460224839412E-002 8.9888795721362771E-004
-3.0771425314651242 9.4688061589515922
4.3664866843872243 19.066205964930937
1.2588350263007615 1.5846656234416390
4.7703211213198911 22.755963600510661
-0.31950018938436053 0.10208037101664225
-1.6297400636092010 2.6560526749329223
3.9052416888951385 15.250912648684553
5.4691034441167234 29.911092482449405
-3.0794532218023720 9.4830321452690090
-1.7626234304890580 3.1068413577090150
5.7621482328323186 33.202352257132610
-2.6975887458732077 7.2769850418617859
2.4371193299459515 5.9395506283962032
4.3433474462614530E-002 1.8864667038945885E-003
-5.9172971892905570 35.014406026385927
-0.83120474703777469 0.69090133149813104
-3.5151433095554676 12.356232486712566
4.9672379876883959 24.673453226334665
-0.60385634469766203 0.36464248503162161
3.6656869527207130 13.437260835346867
3.7696279624089071 14.210094974975128
-2.6663536750267136 7.1094419203284618
2.3503387004442557 5.5240920068059927
4.2820237261970897 18.335727191714810
4.4245588459873870 19.576720981605238
-5.2049763767932529 27.091779082975819
3.7259584281084064 13.882766207992066
-3.6616827891966888 13.407920848699243
0.65214233143389222 0.42528962044803253
-1.8751231912961084 3.5160869825365020
1.6023809398186346 2.5676246762940509
-0.62398360837629063 0.38935554352229601
5.7365319939896775 32.907799318067184
5.3244715190000163 28.349996956642340
1.1076247642389851 1.2268326183554674
-3.0043586338174020 9.0261708005931656
1.8734769607153250 3.5099159223311314
-3.6503525943166419 13.325074062834238
-2.8653895726739971 8.2104574031888724
3.3739270241557047 11.383383564328168
5.0861579767839533 25.869002964803038
5.6361941977525465 31.766685034779471
-3.8700745920504454 14.977477348034421
5.8304827465370970 33.994529057666767
-6.0692213439335090 36.835447721658070
4.3194983769827431 18.658066228756553
2.9070038497461921 8.4506713824391806
6.2157909143445504 38.636056690848264
2.6423431704401921 6.9819774303719262
-5.4457679548981455 29.656388618595528
3.3255601918922575 11.059350589898468
6.1959804500118763 38.390173736929370
-3.2400517072326727 10.497935065541357
5.2277744402244801 27.329625597864375
4.9707301498212599 24.708158222342085
1.2777213001277257 1.6325717208000856
4.0323664658242464 16.259979314703923
-4.1626916380868559 17.328001673798234
1.3511299756417032 1.8255522110775495
5.4422495460080462 29.618080121024786
2.3596398438419870 5.5679001926466372
3.0969556479616518 9.5911342854415746
0.67429064280663065 0.45466787097657918
-0.14803791697443577 2.1915224862129941E-002
-3.1394965555908789 9.8564386225669924
-3.1325719889137105 9.8130072657267995
-5.8375309788865337 34.076767929459976
1.8575161354259109 3.4503661933676111
-1.5311193650366111 2.3443265099901152
0.88210752241610335 0.77811368110307633
-5.6795049053601172 32.256775970009635
4.8575223850534472 23.595523721295329
-1.4479676272845359 2.0966102496640087
-2.6975456478493736 7.2767525222310967
-2.0762158975371077 4.3106724531858172
1.3126045182895500 1.7229306214341418
-3.2139295406805535 10.329343092459114
-0.26875518712094837 7.2229350604415973E-002
-0.94860503401935126 0.89985151056685453
3.3226078270790471 11.039722772566947
4.1941563842615830 17.590947775642196
-2.2147656941658149 4.9051870800537838
4.9325300257822935 24.329852455243874
4.5919742971003794 21.086227945230522
3.9563620417444390 15.652800605356227
-0.62672522259620689 0.39278450463826509
-0.28151062679924160 7.9248233000901891E-002
-1.1236990763318635 1.2626996141490832
4.6082468966739016 21.235939460704646
-5.4752261183473934 29.978101047033466
4.0958430964208050 16.775930670497967
-4.6710538651302125 21.818744210947898
-4.4978461852632066 20.230620306286781
-2.2167356843264563 4.9139170941662824
-5.8364927290967819 34.064647376799599
0.18074155659276256 3.2667510279574791E-002
1.7905185354471507 3.2059566257798093
-3.5823845866426418 12.833479326614771
-2.7377090928850274 7.4950510772653596
-2.1801789390864950 4.7531802064363147
0.12289629768351651 1.5103499984315505E-002
-7.1202564787760519E-002 5.0698052323552342E-003
3.4875435661987724 12.162960126134450
2.0586909570214278 4.2382084565218019
-5.5198227033222445 30.468442676111692
0.49850245751117667 0.24850470014468251
0.53912194494274601 0.29065247151884926
5.0294841865023212 25.295711182276914
-0.64831257718740987 0.42030919773938130
3.0895110558157262 9.5450785640076035
2.4263755225805714 5.8872981765781409
-3.1445898463114994 9.8884453015253797
-4.0377044443308101 16.303057179768775
4.0508224557090502 16.409162567676699
-0.84134085685647564 0.70785443741598864
3.7272298308949123 13.892242212312917
4.8152273562965062 23.186414492826241
-3.1670528008851417 10.030223443594421
-0.32388499089296141 0.10490148732573369
-5.1594150051703362 26.619563195576820
5.3675168513630975 28.810237149666822
4.6128786519209362 21.278649457347914
0.45305539795049193 0.20525919361207862
0.53539947794137577 0.28665260097989770
-2.4648649281014481 6.0755591137845570
-5.8250866248391322 33.931634186879755
5.3267608873122265 28.374381550599338
-4.4565307658480968 19.860666466950626
-4.5329084894163918 20.547259373423195
-5.2941926027536832 28.028475315051818
-2.5601736423551014 6.5544890790097865
6.2512046548972986 39.077559637409657
-4.8411426635813708 23.436662289147730
4.7908468751386533 22.952213781025797
5.1402476881345116 26.422146295372190
-3.6944194030306403 13.648734725489273
-2.2771700843071212 5.1855035928633013
6.1591897696313831 37.935618618331887
-6.0417797048143873 36.503102001507024
-4.9258665880070822 24.264161642844535
-5.7373390440313337 32.917059306166379
-4.8435987102443567 23.460448465880795
-4.1520932504805375 17.239878360686035
-2.8012682042444443 7.8471035521108936
6.2526191240797075 39.095245910807286
4.8266556185402543 23.296604459986206
-2.4905044791629436 6.2026125607306852
2.1053777468313082 4.4326154568524760
9.3107057813784408E-002 8.6689242147393927E-003
4.3543245950857230 18.960142679368445
2.4418982226478434 5.9628669297706969
3.1465152584852074 9.9005582718802323
-4.5341291655829323 20.558327290189776
0.28593757444278012 8.1760296478220418E-002
-1.0107070621371022 1.0215287654538121
3.2209712917211228 10.374656062091638
-3.5724764250449565 12.762587807501992
-4.4426564251090248 19.737196111562501
1.9513691858260878 3.8078416993915685
-5.0762315855295572 25.768127109927921
-5.2116101983009715 27.160880859034691
-4.5840370547350346 21.013395719183851
4.8559946007325907 23.580683562344074
-3.2471787402583159 10.544169771185583
-0.46918423311491597 0.22013384460363181
3.5319778409313733 12.474867468830245
6.2172133172381745 38.653741432043702
-0.34867397730139943 0.12157354244717680
3.4470149135562497E-002 1.1881911814279199E-003
1.5783434240229557 2.4911679641565079
-4.1923400874072723 17.575715408482015
4.4264211524932167 19.593204219239375
-5.5021506709298933 30.273662005614273
-0.27206392250410710 7.4018777928320789E-002
-3.8871216127083774 15.109714431984576
2.0448632379268359 4.1814656618246238
6.1506181078821713 37.830103109008064
5.8615590305152603 34.357874268214999
2.4318818234005528 5.9140492029859972
0.58422251255030411 0.34131594417059025
4.9113373465405852 24.121234531524316
-0.84126161532073085 0.70772110541204536
-4.9758833642261342 24.759415254382390
-5.7740707160337941 33.339892633759014
-3.6905256278943757 13.619979410145175
0.31018717353990671 9.6216082628676203E-002
6.2162784357892127 38.642117591257978
-2.4620584390923907 6.0617317575060596
4.3494008356507354 18.917287629159315
-2.4729545201749179 6.1155040588535581
2.7850708845797949 7.7566198321340813
4.1133022318139760 16.919255250245836
5.6304290401653487 31.701731176337290
1.1639269761475033 1.3547260058038706
2.7941352187820385 7.8071916208381502
-0.67305591136168075 0.45300425981890263
-3.6972471964005935 13.669636831292049
3.5439771455959761 12.559774008506603
5.7223402231116687 32.745177629041699
-1.0313829944194726 1.0637508811776777
0.26743398220025594 7.1520934835486813E-002
6.1510885859969244 37.835890792781640
6.2683660454279799 39.292412879474412
-4.3940101098585629 19.307324845539259
-3.2222751407182977 10.383057082491126
3.9587275940886113 15.671524164198605
-4.3981697726800801 19.343897349316748
-2.4446369284868861 5.9762497121217963
-1.4792697240306214 2.1882389164336309
5.3021314440219847 28.112597849686658
0.31904729118298208 0.10179117401119855
-0.96296183555201553 0.92729549672970701
2.5590865571955828 6.5489240072191404
-2.4937475217164637 6.2187767020670046
2.0170694886264964 4.0685693219479555
5.3424771461686031 28.542062057333823
-0.16514204667149129 2.7271895578849008E-002
1.1289789055850317 1.2745933692559759
-3.6384461280078910 13.238290226415614
-3.9467966777744778 15.577204015691656
-3.3957435347168490 11.531074153571280
5.9118425069538842 34.949881827026786
-2.9988883724882247 8.9933314706450727
-5.3125155356953693 28.222821317004655
-2.6809541538610184 7.1875151751046493
-3.0799929764255083 9.4863567348304620
-2.4531853400095893 6.0181183124379647
3.4563924180657728 11.946648547662560
-1.3151739255120667 1.7296824543468192
3.0313778764546262 9.1892518298585593
-6.0234101059270229 36.281469304183787
4.5956263815130036 21.119781838458302
4.6235411099937416 21.377132395802160
-4.3689630009987654 19.087837704096138
-5.8791471999221825 34.564371798352838
-2.9461047139532028 8.6795329855772838
0.84254877155849228 0.70988843245472444
-4.0831253910623069 16.671912959137718
-3.9453995854374937 15.566177888770348
1.0424859396310651 1.0867769343284646
5.0415827853690418 25.417556981729465
-2.8849134549162212 8.3227256423566480
-0.35162508206154330 0.12364019833478707
-4.4751369515998825 20.026850735574687
-5.8469169001673196 34.186437237462215
-1.4026069975439539 1.9673063895592651
3.8151637983503819 14.555474808243313
0.93706131724337005 0.87808391227387983
-1.6266280079836410 2.6459186763568283
-3.5707790142475182 12.750462768590477
-1.8516180851830255 3.4284895333768537
-5.7752390330222072 33.353385888543279
4.7020293979199996 22.109080458903914
-1.0368016952166734 1.0749577552041678
1.5878718107836736 2.5213368874814224
-6.6998061346983412E-002 4.4887402242541523E-003
-3.0747770398855470 9.4542538450073259
5.7900920661015194 33.525166133931762
-4.8510484817990660 23.532671372765023
3.5744806679063656 12.776912045236338
-1.6880712346338114 2.8495844931981202
3.3800345695489038 11.424633691345644
-4.6861003131165262 21.959536144590803
-4.8485869886411850 23.508795786420595
-3.1635031888119576 10.007752425623424
4.4878766519506472 20.141036843123750
-2.7950231192043744 7.8121542368869505
-1.1765748876463098 1.3843284662399264
2.4256424201516817 5.8837411504393078
3.5858213891336339 12.858115034768264
3.3045263247977830 10.919894231281543
4.4607899641075415 19.898647103882560
2.3418542921240508 5.4842815255398394
-4.3165860359264556 18.632915005555272
-4.8934465254424628 23.945818897364912
-0.96992350208387645 0.94075159989465151
-6.0598815674804349 36.722164611889134
5.4488352589217843 29.689805678869227
5.5081137873066908 30.339317493918056
-4.8040429216235765 23.078828392801590
-0.99722437374615247 0.99445645159340601
-2.1917271816788086 4.8036680389097333
-2.2820777407860082 5.2078788149909716
-0.70237805500811923 0.49333493215698854
5.9829030855341978 35.795129330894625
3.9347755909531021 15.482458951160334
2.7367301587704675 7.4896919619238282
1.5817384166188364 2.5018964186078638
-2.4346675116141365 5.9276058921093719
-6.1946870731524220 38.374147934281723
-1.7563828159763248 3.0848805962569248
1.3890749258977025E-002 1.9295291497577077E-004
-1.8832750986063937 3.5467250970309223
3.2694193742799196 10.689103044916902
4.4795579852591478 20.066439743298996
-1.1803284607732789 1.3931752753114177
-4.9641873660441327 24.643156205192184
4.1049233942801333 16.850396072908332
4.4357071310943033 19.675497752840855
-2.6341261949665165 6.9386208110087786
4.8596968114036629 23.616653098766928
-3.2589015238433885 10.620439142108760
-2.6359556571769289 6.9482622266030551
5.6634840115002492 32.075051148518952
-1.5928730758372664 2.5372446357272742
-2.8996870036129785 8.4081847189220138
-3.7905233612502620 14.368067352183985
0.29424512783418583 8.6580195254156361E-002
0.38680607930757388 0.14961894298929712
-2.0029036840758159 4.0116231676844754
0.72016690180255227 0.51864036645188694
5.6111986793580080 31.485550619229052
-1.7217602613829641 2.9644583976775327
6.0319744744863613 36.384716060855013
8.8141285478760684E-003 7.7688862058483888E-005
-1.7095312524291608 2.9224971030320153
1.8078635148402835 3.2683704882906639
-3.6554554281588882 13.362354387256280
6.9839353988873948E-002 4.8775353655832430E-003
-2.7299509735247933 7.4526323178489671
-1.9284428429857055 3.7188917986627903
-4.3843536402935204 19.222556843155044
2.2306444650687127 4.9757747295416834
-3.1887247792716460 10.167965717941007
2.5813474191448726 6.6633544983258952
3.8440324137567443 14.776585198012501
-4.2714901022199392 18.245627693362906
0.94509674839413782 0.89320786382517225
-4.4629420227837242 19.917851498728879
-1.8597648790779577 3.4587254054518506
5.7973982887557378 33.609826918467959
2.7297741396185287 7.4516668533300781
0.55074084181624405 0.30331547484446514
-5.9142610658677075 34.978483955238630
2.2048060555361273 4.8611697425287765
-2.4893688865223846 6.1969574531856972
0.22815000159352314 5.2052423227124611E-002
2.9371726328906216 8.6269830754016255
1.4461105852847116 2.0912358248724909
-3.1547866619596396 9.9526788824784465
-0.38936624584032364 0.15160607339978735
-1.2889849692915238 1.6614822510594707
-3.6664124667925013 13.442580376651474
-2.0047997621716904 4.0192220864036665
-1.7442337282569162 3.0423512987890220
1.6382556585047185 2.6838816026227290
6.1619139457929633 37.969183475357809
2.1924858903685469 4.8069943794651602
2.5461775030117511 6.4830198768431559
-4.7762957552083787 22.813001141221577
0.20979823152167446 4.4015297949622119E-002
2.6572479064666892 7.0609664364216025
1.7942445786683316 3.2193136080806988
1.4034480291490528 1.9696663705223605
4.0560439180573740 16.451492265210213
2.6171825677261920 6.8496445928098630
-1.2085428822084401 1.4605758981366834
-0.26942020678766054 7.2587247825505768E-002
6.0245055982123139 36.294667702891509
1.4153567142337320 2.0032346285265059
-0.34599698110783500 0.11971391093573552
5.2004412941453788 27.044589653852462
0.84687253665407192 0.71719309333890235
0.93060353081877512 0.86602293157237098
-0.59274986395622797 0.35135240122012679
-4.7627283531999485 22.683581366374693
-5.8456379127245954 34.171482606683163
-4.3480100578825462 18.905191463447782
-2.3010881617595786 5.2950067281900770
2.0934612323298829 4.3825799312681522
2.0991480264293321 4.4064224368621598
5.7630344306770711 33.212565849169394
4.8526235269002598 23.547955093825916
-0.73361878012693726 0.53819651455493556
5.7433125585050053 32.985639144681308
-7.8735288874555096E-002 6.1992457141596393E-003
0.25202091980826374 6.3514544021003302E-002
2.1025618943079554 4.4207665193958574
-2.0119665210675111 4.0480092818965030
3.0929827654394755 9.5665423873056259
-0.63096954203391897 0.39812256297449344
2.9210115020556509 8.5323081951414093
3.0832369910826617E-004 9.5063503431804658E-008
3.4542000202601204 11.931497779965015
5.0895584861298691 25.903605583736564
-1.5322051378064967 2.3476525843206257
-4.7195968138692193 22.274594085484487
-5.0106197363554159 25.106310142354417
3.1845753898344191 10.141520413539043
3.5112424678206433 12.328823667827201
-4.2903063135816026 18.406728264358161
-3.8429221582331170 14.768050714239077
-1.9935053822293975 3.9740637089775763
2.2613357419322369 5.1136393377402198
2.7847693977803427 7.7549405988138922
1.1161353962746769 1.2457582228172301
1.8290618304024902 3.3454671794353077
1.6965762670777156 2.8783710300113561
3.9615665676370053 15.694009669819243
-4.3055992091611994 18.538184549929547
-4.1509869576271647 17.230692722390824
0.55589995685548454 0.30902476203192958
-2.8920867024604773 8.3641654945487165
1.1045146477839833 1.2199526071693767
-2.9284960710367343 8.5760892380775893
-1.8276757311677823 3.3403985782996877
-0.64493633313438681 0.41594287379682876
1.9031773790193127 3.6220841360108209
4.6814435318617713 21.915913542010415
-4.9534850190475748 24.537013833928754
-3.3389554969112534 11.148623810353875
-3.4706025462723193 12.045082034191907
3.2224667463438426 10.384291931291871
2.7812101040838635 7.7351296430581744
-1.6109276386974267 2.5950878571192670
5.2791716862141156 27.869653692524789
-3.8646632543793902 14.935622069750298
-1.4467822658816378 2.0931789248696062
1.9940887905126083 3.9763901044480372
-0.14152181322418761 2.0028423618261845E-002
-0.27047756145605728 7.3158111251215241E-002
-4.9528870080587142 24.531089714596803
-1.0273184875442927 1.0553832748502929
6.1812866595049263 38.208304766973569
5.3819041327952206 28.964892094598277
-2.3890101689542145 5.7073695873666441
0.10222780203272799 1.0450523508442626E-002
0.44838967326206808 0.20105329908806416
-0.83267729415754543 0.69335147620553139
4.4390021926966794 19.704740466765926
5.6498125636264360 31.920382004111122
7.2849868914246316E-002 5.3071034008228719E-003
-5.5355261318159750 30.642049556017529
3.3298914158610682 11.088176841425229
5.0664304402177827 25.668717405565356
-0.94045348208825486 0.88445275197192352
4.3502574968225591 18.924740288660878
2.8245024337029667 7.9778139979939819
-3.9430668900661283 15.547776499535768
-4.9505997528504224 24.508437912922663
-2.5185971891941819 6.3433318014168334
-4.8445936323454495 23.470087462562077
1.2123594333233854 1.4698153955682001
1.5602831784329829 2.4344835969009315
3.6705670564934354 13.473062516214883
2.9945002455608862 8.9670317206642078
6.1462766112665710 37.776716182202485
-0.20075570382943783 4.0302852620052960E-002
-0.19988710223419853 3.9954853639584939E-002
2.1207101655631790 4.4974116063230065
-2.1202726830176144 4.4955562503507132
-5.9453087900897055 35.346696609517920
-2.1182573867204368 4.4870143563956946
1.4661247962296977 2.1495219181195728
-5.0266513088043840 25.267223380304827
4.8621294387362486 23.640302679025666
-3.5672892953290338 12.725552916569114
3.7208656935269953 13.844841509266127
-1.1046320954978610 1.2202120664039955
3.0011509142526145 9.0069068101193039
4.7668402777954704 22.722766234013196
5.4569963990613166 29.778809699368175
-0.89499633055038097 0.80101843169864684
2.9364599275458589 8.6227969060826304
-1.3722760905271396 1.8831416686324502
0.82897427671444546 0.68719835145423802
0.91025815583459613 0.82856991026339988
-4.2727303621686588 18.256224747797919
-3.5027795520449287 12.269464590224072
-5.3115309403842073 28.212360930658740
1.3203380783686955 1.7432926411903396
0.89301377111862190 0.79747359540750240
-4.8073426389941263 23.110543248691009
-1.2286821234081080 1.5096597603826571
-4.1831493574604020 17.498738546821375
-0.66866545743506278 0.44711349396684175
-0.26162209527987584 6.8446120738632432E-002
2.5719453473431755 6.6149028697202077
-0.43800450051702294 0.19184794247316675
-1.5698504583608248 2.4644304616156916
4.0188444197811259 16.151110470405897
5.9325767899902795 35.195467369131372
1.8060890640226122 3.2619577071820753
2.5966483960302491 6.7425828926064657
3.8287935230866719 14.659659842430449
-0.87739524102950817 0.76982240898122878
-6.0724846498542941 36.875069822716029
3.5268159421493612 12.438430689798887
0.84245581540868442 0.70973180091591137
-0.82230812719435187 0.67619065604988238
0.48944379347279676 0.23955522696904172
-3.3364190317373552 11.131691955339232
-4.3749979296585382 19.140606884516494
-1.8287064196275127 3.3441671691868766
2.5131329724097364 6.3158373370129972
2.4277911385716653 5.8941698125271031
-2.7309401139481295 7.4580339059710230
6.2772147618217078 39.403425166032356
1.8937499898488199 3.5862890240524057
-5.9380463916726720 35.260394949656842
-4.0510660276098927 16.411135960054995
-0.46352637011538711 0.21485669579234684
0.36162469100652195 0.13077241714556248
2.0607328808527270 4.2466200062275794
2.7396016897155011 7.5054174182920290
2.5571131901811253 6.5388278673982914
-3.5320979929653524 12.475716231909871
6.0314625468363170 36.378540453889229
4.4008473180278163 19.367457116592622
-3.1300179739211549 9.7970125170694917
4.0949908437395361 16.768950010310640
-5.8310230338741009 34.000829621570325
-3.1534436040362852 9.9442065638373549
1.9411840982162691 3.7681957031677102
1.7574228812874633 3.0885351836727293
5.6984933445583197 32.472826397975467
-2.1817752297235415 4.7601431530352123
-0.88065465463194870 0.77555262072491682
3.1940146343283708 10.201729484303797
-4.9324312678836000 24.328878212395818
5.8450163864835005 34.164216558260641
-5.0114131450940773 25.114261710821712
-4.6234457144991213E-002 2.1376250274920288E-003
5.2311853457160362 27.365300121234206
-3.6574649752749462 13.377050045362962
4.6359108738400989 21.491669630188870
1.0118610581313103 1.0238628009626149
-1.9727148962318390 3.8916040618149954
-3.6332524761943183 13.200523555772145
-3.7843337219250421 14.321181718899043
4.5686540995542879 20.872600281374201
4.6501862655704835 21.624232304500360
2.7541501882157409 7.5853432592488010
0.74554512138812046 0.55583752802562725
-5.6496749537521262 31.918827083054090
3.8720291501664050 14.992609739738374
-4.9277570806396032 24.282789845793744
-3.8987375420521091 15.200154421806522
2.0544191307323896 4.2206379647192271
-5.4439806562260928 29.636925385363881
-4.3390312094848582 18.827191836883632
6.1852277204561794 38.257041953899545
0.22280082584706579 4.9640207998134539E-002
-5.0159647374506822 25.159902247348690
5.6241438688695107 31.630994257742508
2.1778274959321697 4.7429326020381843
-3.7834826798993011 14.314741189097997
-6.0881237189870996 37.065250417693314
3.6770699868287666 13.520843688036907
2.2801447617561279 5.1990601345639096
4.8872187937827842 23.884907538303654
-3.8587744155166104 14.890139989845558
4.0839936382328759 16.679004037126603
-0.32531060157580804 0.10582698749761413
3.9764345115437099 15.812031424595862
2.6103971843990199 6.8141734603183304
-1.6528898469977513 2.7320448463082498
-2.3165991102105212 5.3666314374281789
2.1355617965888634 4.5606241870498536
-2.6591433794667036 7.0710435125616016
5.0680019855767355 25.684644125809733
-1.3457835435606786 1.8111333461187371
1.2356615298982301 1.5268594164704345
3.4092273670635849 11.622831240335303
-1.0696098786550745 1.1440652925165231
-3.0510051655476373 9.3086325201983655
-4.5875132272550774 21.045277610240294
5.0377521332631341 25.378946556197260
-4.2453374638606496 18.022890182058774
2.8910467281830021 8.3581511845376415
0.47185445240712715 0.22264662425642981
2.7555249412094827 7.5929177016275231
0.70521868469236137 0.49733339323922421
-4.6076087808150250 21.230058677043722
-5.9520482736468097 35.426878651821966
3.7990879981982140 14.433069618053713
2.3245043805808003 5.4033206153393305
-0.21725891487807689 4.7201436093999460E-002
-4.9798315521276786 24.798722287566363
4.5233754210283497 20.460925199563398
4.2631195571962346 18.174188358949021
6.0401459997807159 36.483363698666984
0.43817242011836061 0.19199506975238112
1.8009179769656574 3.2433055597580758
0.49009701180265414 0.24019508097789091
-3.3326047370229421 11.106254333227753
-3.9987525070901491 15.990021612959753
1.6998534140528778 2.8895016292672246
6.1780931706047140 38.168835224672605
1.2651023976064990 1.6004840764297124
-3.4009645542427540 11.566559899215614
3.5654200740393516 12.712220304362775
2.8446651463864141 8.0921197950656385
5.7995364047724873 33.634622510281389
1.8193318521685020 3.3099683883148723
3.4384081337134145 11.822650493986567
-4.7417646593645122 22.484332084798247
-1.3770868519385575 1.8963681977820466
3.8807946105728526 15.060566809451299
4.6570062762021136 21.687707456585876
2.9788328989801540 8.8734454400465079
0.64429269374636289 0.41511307521494456
-1.4922553222410864 2.2268259467568483
-1.2620207356174333 1.5926963371283676
4.1058010435026580 16.857602208827515
-0.76942265763492512 0.59201122608199119
3.9355892464297297 15.488862716613328
1.8943446739985907 3.5885417439068270
-5.3034500412002661 28.126582339507102
8.4270615893845463E-002 7.1015367031280396E-003
-0.76553921396749680 0.58605028812197280
-2.9672026708547294 8.8042916899274406
0.33582302925020641 0.11277710697478499
3.0976750602917584 9.5955907791535484
-1.8921742193788786 3.5803232764820687
4.6847071176787125 21.946480778429589
-0.75791151948128677 0.57442987136243295
4.9995545061818492 24.995545260283233
-2.9935016489046982 8.9610521219951469
-5.8672013551242488 34.424051741571823
-4.6817358796355109 21.918650846666491
-5.6817709693710565 32.282521348387718
5.0167626159876869E-002 2.5167907145171621E-003
-6.1482768708591644 37.801308480741760
-1.8603084339353599 3.4607474693710314
-4.2727212579045526 18.256146947749464
5.6656087173073404 32.099122137628925
5.8868831928336585 34.655393726067409
5.2525370261356219 27.589145210925643
-0.82763868840795041 0.68498579854963237
-0.58488277855190474 0.34208786464659646
3.1410003223798189 9.8658830251901257
4.3464751444908938 18.891846181677135
4.9543962671858290 24.546042372304878
-0.84124327963607470 0.70769025553285902
4.8181197423080686 23.214277851218771
-0.67694491528752276 0.45825441833363140
1.0986716631993014 1.2070794235171192
-0.47436367279853986 0.22502089407092019
-1.9098908522836184 3.6476830676366463
2.9102667654785392 8.4696526462489192
-1.7081732136597014 2.9178557278645121
2.6697318754049504 7.1274682865532339
1.2754924235478498 1.6268809225279675
-4.7169220016641198 22.249353169783046
1.2406808890858048 1.5392890685427429
-0.24503508516107098 6.0042192959893305E-002
-2.6973925178689684 7.2759263954554934
3.3076750850914314 10.940714468534608
5.2056560676990218 27.098855095171643
-0.21704747694371490 4.7109607247632454E-002
2.4621512252057856 6.0621886557823510
-0.17175708798595951 2.9500497273416637E-002
1.5204405621442547 2.3117395030135373
3.5222212945313176 12.406042847649871
6.0391293870886606 36.471083753997860
0.59373840255893917 0.35252529067324090
-4.7935921802798669 22.978525990840289
-3.0659667724725890 9.4001522499059842
-2.8984618935302997 8.4010813482472511
-5.6512000416100605 31.936061910293549
6.1716566380452971 38.089345657928583
-5.4684600293075887 29.904055092134755
-3.0682525075893081 9.4141734503280770
-0.89620713011547815 0.80318722006982157
-4.3533548336666863 18.951698307809103
-4.8829761773959275 23.843456349016144
3.3407005447612459 11.160280129768084
0.32947878317191021 0.10855626856044262
2.2436606206189680 5.0340129805162928
-4.6078270051799910 21.232069709666003
0.26329985120690658 6.9326811645579148E-002
-4.6368456761180834 21.500337824134967
5.8608027667072244 34.349009070243056
-0.34112466384022727 0.11636603628010805
-5.4249300141721584 29.429865658665936
4.3628533983647753 19.034489775623069
-1.1158839434025571 1.2451969751436414
6.0319188843671911 36.384045427585541
5.5813614798260192 31.151595968485690
-3.3129899647050540 10.975902506236395
1.0256277850481206 1.0519123534627137
2.0173020382652149 4.0695075135889907
-0.97472403087400172 0.95008693636326191
-0.76174739270923553 0.58025909029931833
1.7713527257150548 3.1376904788981541
2.7570639514722677 7.6014016325078746
-3.7700555345704658 14.213318733745401
-2.8602328937369723 8.1809322064149743
4.4745605639101509 20.021692240099927
-5.8813152599821432 34.589869187298824
-2.8932440138933515 8.3708609239297118
-5.8117412791542877 33.776336695825918
-5.8036653509317171 33.682531505605368
-5.6901528850370209 32.377839855095132
3.9187890732758759 15.356907800826399
-4.2075107183641647 17.703146445149329
3.3286238493139138 11.079736730221377
2.5509006742170977 6.5070942497212432
3.1023975508376753 9.6248705634436060
6.0165341268057375 36.198682899018081
-4.3138833486114105 18.609589545426797
1.9501881323004790 3.8032337513656307
-3.2078351447952826 10.290206316183772
-4.7240370068431741 22.316525642023816
-5.4584474799809835 29.794648891710750
-1.7964326091007259 3.2271701190404416
-2.3127383715739001 5.3487587753502952
-5.0978758968749132 25.988338659938201
-3.5125293271791942 12.337862274293922
-2.8619907018211865 8.1909907773109278
-3.2957525070122067 10.861984587477245
-4.2371853788258154 17.953739934535268
3.0120042925684301 9.0721698584506481
5.5919956516655951 31.270415368246923
2.7601490414474945 7.6184227310035224
1.8575324381466978 3.4504267587672155
4.2070334222060755 17.699130215558963
-0.10637027768348449 1.1314635974461598E-002
-2.4280061115366167 5.8952136776591617
1.5777821922102040 2.4893966460556372
-2.1592136164824285 4.6622034416031282
-1.9594471869690022 3.8394332785207359
-4.6042785039813108 21.199380542224379
5.2244592110460735 27.294974047884160
-0.88857894017692163 0.78957253292594132
2.5561694796865231 6.5340024088808706
-5.1184063238302260 26.198083295825249
-5.5718287172855829 31.045275254768306
-3.0912482815062270 9.5558159379152023
3.0362218149801858 9.2186429097615736
-3.7014181471471099 13.700496300029945
-3.9260051822242703 15.413516690851825
-3.2711769302815643 10.700598509206317
-4.9716200069079459 24.717005493087363
5.9827024765537340 35.792728922962183
1.8122977051750222 3.2844229721826519
1.1142193681163779 1.2414848002856604
-4.6486671107404547 21.610105906480008
4.7748555439784273 22.799245465861521
4.1188035553413425 16.964542727492482
1.8894777683232740 3.5701262369878997
0.89039617730331966 0.79280535255636464
3.1383332610930559 9.8491356576829752
4.1160528729711148 16.941891253093768
2.1442934508285409 4.5979944032661724
1.6031055323337984 2.5699473477992312
2.8706841270497865 8.2408273572955952
-3.1507407531829550 9.9271672937678943
-3.0378426735967645 9.2284881095255376
-5.6665795091254898 32.110123333240878
2.6245028945649111 6.8880154435795973
3.3054818257073157 10.926210100081370
-4.0474817403908414 16.382108438797275
-2.2990535418755553 5.2856471884105360
1.6804765916722346 2.8240015751583303
0.58829970477897475 0.34609654264302886
-5.7857055971826172 33.474389257270268
-1.5204134797290905 2.3116571493419213
1.6863660028691836 2.8438302956329875
-4.6848122816549438 21.947466114345001
-2.8641221302794024 8.2031955771562224
-1.5872453813885055 2.5193479007391422
-5.4398675483334182 29.592158943411036
-1.1845540021387237 1.4031681839828676
0.57916873411922354 0.33543642258126383
0.20056536015543430 4.0226463694279076E-002
2.8542221965172470 8.1465843470917374
-4.9023225577931422 24.032766460647498
-2.3573874857051482 5.5572757577592400
4.9279352498894191 24.284545827102690
-4.2468290973813314 18.035557382364733
5.1241085167816776 26.256488091754523
-1.4243115645473889 2.0286634329034308
0.45403026482279157 0.20614348137505425
4.0526937115035278 16.424326319260238
4.8208537389506452 23.240630772354415
0.66929884754807878 0.44796094732918640
3.2250028286796293 10.400643244991610
-5.0502114876399489 25.504636069890505
-1.2311711316006650 1.5157823552868621
-6.0455150624313587 36.548252370084434
1.1301619168964772 1.2772659584031198
1.0747955678389371 1.1551855126462234
1.0999422088606652 1.2098728628332791
0.99680747543737203 0.99362514308782701
-4.8757434224819525 23.772873921876023
-1.5580044836026714 2.4273779709260266
0.80495723645197426 0.64795615251639960
-4.3022159006216576 18.509061655561819
-1.3491791108533020 1.8202842731629065
-4.7745672731987971 22.796492646300997
-4.7983159476044932 23.023835933035606
4.6614033533386534 21.728681222516844
5.3380138932862504 28.494392324917033
3.8240314157271529 14.623216268468212
-1.4867536891703428 2.2104365322616242
-5.6347106522620622 31.749964134715555
5.8793495380585048 34.566750990668751
-3.7162460016576162 13.810484344836219
5.7741788512451944 33.341141406167274
-1.2602323297235485 1.5881855248804426
-6.0306001050368909 36.368137626870961
-2.8752887639340880E-002 8.2672854760056157E-004
-2.8569676138699136 8.1622639467015485
-4.2757816734629461 18.282308919121594
6.0887041465846581 37.072318184637211
-4.2139313232038980 17.757217196678955
-0.52780812182687542 0.27858141346641374
5.0936311342796632 25.945078132103127
2.9090388025412310 8.4625067546905193
-0.61277279247192373 0.37549049519383931
-3.4504486724517518 11.905596041224056
5.6976334082110833 32.463026454363046
1.6918930862826045 2.8625022154108763
2.3372027960627539 5.4625169099235551
-2.6805101859117255 7.1851348567765134
5.8175276272124794 33.843627693380462
3.8450779744907067 14.784624629913555
2.1577216227221792 4.6557626011628344
-2.6623780252321865 7.0882567492392372
-3.0471576105702631 9.2851695036562756
-0.93789901536590226 0.87965456302432898
4.4140498662136665 19.483836221420887
-3.1558529316533881 9.9594077262252849
4.5400731596327484 20.612264294817688
2.6362496741462040 6.9498123444359674
-4.0064973239320709 16.052020806674847
2.0958763365338693 4.3926976180426331
1.7771596860066439 3.1582965495672330
1.2349496473893122 1.5251006315869866
5.1277586295659789 26.293908563088365
1.3538258075589595 1.8328443172126689
3.1716888505242120 10.059610164539597
-3.5877323154884837 12.871823167600358
-5.9383212849036280 35.263659682739473
2.9637466606143228 8.7837942683025503
3.9130471557064634 15.311938042782444
-1.7257831893096960 2.9783276165039458
-3.8595631834927300 14.896227967372537
-0.31903057524494954 0.10178050794112341
-3.3772684955009438 11.405942490703207
-2.2919662405611474 5.2531092478719996
6.1559473508692673 37.895687786674351
5.4703249522912651 29.924455083660433
-1.1313289794807373 1.2799052598129266
0.92689441970145425 0.85913326527369560
2.2239724149276001 4.9460533023589015
-2.2807308723195416 5.2017333119514575
3.6443041742499052 13.280952914455282
-0.34552889000225651 0.11939021382619147
-3.8443062349781849 14.778690428292148
0.52267383234611642 0.27318793501937622
4.8498202136491440 23.520756104719830
0.84094792115557448 0.70719340609588233
1.9758204459813626 3.9038664347579908
5.1008206882160687 26.018371693333048
0.93609017944198569 0.87626482404772899
6.2690368717304175 39.300823299115500
-5.5794389470940757 31.130138964350248
5.9322292666242449 35.191344071793225
1.8463083416199837 3.4088544923355344
-4.5736421325639913 20.918202356764496
2.9695318230061702 8.8181192478463490
5.9779946900181127 35.736420513884752
-1.0307409373422662 1.0624268799132137
-4.0997242780282015 16.807739155853859
-3.6798206232892934 13.541079819585203
1.1328039147012670 1.2832447091625152
1.9473903893707323 3.7923293286134925
-4.6552024735709088 21.670910069940707
-6.0686183091081896 36.828128181643145
-2.8201931687929851 7.9534895093066185
-5.2586580765880289 27.653484766464508
-2.5539432585470880 6.5226261678781183
2.4989424976585508 6.2447136066039564
-5.9504630238883216 35.408010198662147
3.6042168731673283 12.990379268824073
3.4703319334948151 12.043203728633861
4.1698893428147246 17.387977131319815
-1.2473033375639577 1.5557656158981883
2.9826462776960296 8.8961788178539809
1.7850529610934365 3.1864140739084457
0.79641080076108550 0.63427016356891341
-1.7516365255778192 3.0682305177383342
1.7525476630873444 3.0714233113929121
-5.1274565283202804 26.290810449814263
0.28482281842013885 8.1124037892791379E-002
3.4894283125730374 12.176109948586316
-4.3417879341180337 18.851122464852942
3.6749920482467271 13.505566554676674
4.5967570060290672 21.130174972477313
4.3382758011849960 18.820636927147319
1.0390671648393943 1.0796605730473769
0.51724926147304728 0.26754679849441282
-2.7351884716751660 7.4812559755847303
-3.1916394437760149 10.186562339066869
-2.6902723740834578 7.2375654467566441
1.0116198031342967 1.0233746260934731
4.0217868310213891 16.174769314177066
-1.3082884160674653 1.7116185796163170
6.1737789344942486 38.115546332004939
3.4281402000876877 11.752145231457252
-0.44773883884571231 0.20047006781090673
-1.4738328786500812 2.1721833541899849
3.2827457117918644 10.776419408287873
2.2454845163458179 5.0422007131488122
1.7846208979776839 3.1848717494986749
4.5641208540952105 20.831199170786793
-0.11934195924777262 1.4242503237097021E-002
0.17246936486331732 2.9745681816356076E-002
1.5930942074767174 2.5379491538958701
-1.5024827106557479 2.2574542958194437
-0.87058620188052660 0.75792033490476096
-2.6012845741569444 6.7666814357468752
-1.7571862232802207 3.0877034232858054
5.4981307300889899 30.229441525148889
3.2575458547689311 10.611604995922246
1.9134674016163655 3.6613574970484857
6.2827363096115469 39.472775536111321
-1.3714294677026821 1.8808187848832620
2.9767748126814451 8.8611882854146522
-5.7243406938111718 32.768076378822570
-0.28831819084712529 8.3127379173359356E-002
-3.0381055923740861 9.2300855904146957
4.9716775337423531 24.717577499518448
-4.8000192748342219 23.040185038780049
-5.0214677364097682 25.215138227804243
-4.4898871162257663 20.159086316450129
2.4724102473162128 6.1128124310342171
4.9519428195757129 24.521737688347461
-7.1802950220849801E-002 5.1556636604178346E-003
0.39355454909326915 0.15488518311200639
-1.0482419525870976 1.0988111911636109
4.2056788075604334 17.687734232362949
-1.8502971850323440 3.4235996729386162
-4.6572224755965896 21.689721187202029
-0.55257251673546537 0.30533638625136617
-0.31411964310132279 9.8671150182102402E-002
2.0231473754235565 4.0931253026832248
7.8785141775389131E-002 6.2070985645681660E-003
-1.0091166048804572 1.0183163222454608
4.1003285403675909 16.812694138953017
-2.8952487314995401 8.3824652172496954
5.5151036032196270 30.416367754246114
-3.1887393806278688 10.168058837567004
-1.9791258532131604 3.9169391428567200
-5.4825446401144200 30.058295730847355
0.39177875244221994 0.15349059086518224
4.1276140263665999 17.037197550658295
4.9936603631638175 24.936643822633389
4.9330998759267981 24.335474385868991
-3.4587868582072181 11.963206530506959
-4.8684468439637589 23.701774672500687
0.79492868291957253 0.63191161092824633
-0.83329677310878703 0.69438351207351723
0.59485057743155256 0.35384720947065151
-3.6698150261111318 13.467542325871047
-1.8154825316844962 3.2959768228515478
-4.7784477295190735 22.833562703745990
-1.6845034047226071 2.8375517205220553
2.3163851547620062 5.3656401852018032
-2.9875971401175456 8.9257366716385373
-3.8516481219639327 14.835193255428290
-4.6336840788082965 21.471028142201490
-3.8087063809706176 14.506244296446299
-3.8028512033689350 14.461677274964558
5.1957347377902918 26.995659465480752
-5.7710630354466019 33.305168559098149
0.10197982822260086 1.0399885364311180E-002
-5.5695248415142107 31.019606960243895
5.2566167065306146 27.632019199376767
-0.95864282864720063 0.91899607291670604
4.0367787830171142 16.295582943017134
-5.8512637588366863 34.237287575475627
-5.6029906850302060 31.393504616535257
-1.7570848052326327 3.0873470127793987
0.83725755270994895 0.70100020956985298
-5.3796924394835015 28.941090743435947
5.3073092420275021 28.167531390510540
1.1010564381634718 1.2123252800212312
-1.1708949492997933 1.3709949822957657
-2.4493948754004089 5.9995352556377846
3.4661039997170042 12.013876936854214
4.4318108681521071 19.640947571071134
-5.7826824974078335 33.439416865826900
2.0477546587272468 4.1932991423391428
-5.7065043372515323 32.564191751070553
-2.4926424446856159 6.2132663570482833
-1.8604987319263055 3.4614555314993911
-6.0562234806851567 36.677842848002236
-3.9473313345186805 15.581424664473026
4.7626044577177380 22.682401220672869
-1.2574276120981800 1.5811241996669310
1.7409023822701757 3.0307411045939729
-5.7312584757320764 32.847323715650766
2.5678879792876677 6.5940486741701010
3.3143572108545234 10.984963721143375
3.4953015546245934 12.217132957761098
-1.8586454551889948 3.4545629280947057
-2.3972230532107166 5.7466783668449102
-0.48925966339440707 0.23937501822480850
-0.59772608369750790 0.35727647113236022
-0.27787183731289583 7.7212757971644452E-002
-1.7906041714981002 3.2062632989863982
-3.2106722117180548 10.308416051098506
-3.7636003251083121 14.164687407155393
-3.4468460940430745 11.880747996019998
-5.7928300917438866 33.556880471813486
0.98100682746040879 0.96237439552393622
-2.2216276297131787 4.9356293251049967
0.18610308653077048 3.4634358816279444E-002
-1.0244118440765921 1.0494196262844042
-4.1540443721985021 17.256084646194047
-2.2038201785557692 4.8568233794095823
4.3897033508437495 19.269495508408841
-1.2011577220689960 1.4427798732859793
-4.0837144445838272 16.676723664902596
-3.5187306580240887 12.381465443718636
4.2704898723245446 18.237083749626507
-1.6972866813667080 2.8807820787448128
-4.5319786562179516 20.538830540415070
-3.1815708429808582 10.122393028905929
-5.4549481415028245 29.756459226485120
-2.3455984657295699 5.5018321624329118
-5.9132457312087841 34.966475077658906
-6.0337641581770862 36.406309916502444
-3.1485302400868673 9.9132426727414664
-0.97356160406411829 0.94782219690789904
0.17303417138394031 2.9940824466526829E-002
-1.3540630271282905 1.8334866814358297
5.8030166462182757 33.675002196286407
5.4406393668691049 29.600556720325855
-0.86286160653991140 0.74453015204063688
-2.0963168658770246 4.3945444021604709
-5.1502326697400846 26.524896552458081
1.1642577468555704 1.3554961011132094
3.1342245912343163 9.8233637882979163
-1.9844547204158798 3.9380605373808675
-0.76251115136317693 0.58142325595319777
-4.7626070185410772 22.682425613056729
-3.6696759482115522 13.466521564882354
-5.9565205818307874 35.480137441773785
2.6748707056826868 7.1549332921193951
6.1644265263125968 38.000154398306385
5.6051263100153879 31.417440951226720
1.6516295893959114 2.7278803005681072
-4.4457041253695433 19.764285170327774
-5.5240653191067617 30.515297649758089
-0.99935194449529219 0.99870430896652151
3.7498953923874816 14.061715453848864
-7.6608921214224412E-002 5.8689268096072432E-003
-3.8807574060274184 15.060278044436657
0.16266180458426316 2.6458862670609016E-002
-4.8356653939251633 23.383659802005404
-5.2836529998628219 27.916989022959395
-3.0218116732896072 9.1313457888293357
-1.5164239381412659 2.2995415601678655
3.4745851032366337 12.072741639633929
-6.2387058149393946 38.921450245358614
-2.3494259047533990 5.5198020819263274
-4.3590749847668659 19.001534722820253
3.5934010662870230 12.912531223192714
0.79995008756017105 0.63992014258752539
1.6630330545525451 2.7656789405343685
5.9977433658536716 35.972925482641728
-2.7675078706574001 7.6590998141506565
-2.7003948053770306 7.2921321049072505
6.1579532210940116 37.920387873182115
5.7474396074060650 33.033062040779981
4.2339528326487220E-002 1.7926356589094137E-003
-4.3567818280648645 18.981547897356222
4.5952941472053839 21.116728299340057
-0.14186107921075033 2.0124565794838782E-002
0.63534482389971336 0.40366304525615776
3.5903080506654361 12.890311898673044
0.64308567170612319 0.41355918115371565
-1.0322399937459703 1.0655194046886809
-2.2378206013416229 5.0078410437889822
-2.0866679672870618 4.3541832057019185
1.9845702437708808 3.9385190524608129
4.6549052532788000 21.668142917002569
-5.8978302191575258 34.784401294007708
-1.7112771285562844 2.9284694107198419
0.50663689674161438 0.25668094513997325
0.65281316569475589 0.42616502930440880
5.7384698900956783 32.930036679534709
-2.7137309868594142 7.3643358690409695
-5.4913463524691633 30.154884762776383
1.5968329051740691 2.5498753270466574
-3.3871523759051176 11.472801217599683
3.7369546424575102 13.964829999784738
-4.2072961818723371 17.701341161997547
-5.5107255011144014 30.368095548632571
-3.8141534171877902 14.547766289845297
2.7517886356561689 7.5723406953264396
5.2445888097355873 27.505711783203743
-4.2088285490013542 17.714237754888845
-5.8287433559713921 33.974249109780644
5.1262830361094247 26.278777766303261
5.4820741555017563 30.053137046420293
3.0587888879772045 9.3561894612128231
4.5297740378916140 20.518852834356899
-0.34742185167001588 0.12070194301782251
2.8521259214513881 8.1346222718149299
3.4690283879754524 12.034157956579566
5.6734138977573929 32.187625255266731
-2.5770610345701237 6.6412435758996367
0.77379852362737078 0.59876415516789872
-3.4256406532379149 11.735013885116288
-0.48346408448984196 0.23373752099160106
-3.1172902520733832 9.7174985156717373
-2.0879186363322146 4.3594042319433743
-6.0993872586447599 37.202524930918038
-2.9509392474235252 8.7080424419845208
1.1601128867105195 1.3458619099118145
-2.9160023485864008 8.5030696969614059
0.43660314838240449 0.19062230917742792
-4.7710960723562073 22.763357731652828
0.90004614255718296 0.81008305873206488
4.8494758870689552 23.517416379263228
-2.9515360989141435 8.7115653431933211
-2.4525373007251532 6.0149392114482207
5.4765818400701036 29.992948650985642
-5.6781926532698375 32.241871807647556
-3.7344131725844094 13.945841743571954
3.8689424037251969 14.968715323342904
5.1427507037446984 26.447884800866593
3.8133154894789802 14.541375022300315
-5.4852028531450205 30.087450340150273
3.6952978085643338 13.655225893980367
-0.83127741650535236 0.69102214319181310
3.2962289128747222 10.865125046071272
1.4002484180731842 1.9606956323164548
5.9594396083427981 35.514920445484961
2.0559263348576948 4.2268330943613943
-5.4655111764649389 29.871812420063161
0.50915401752105527 0.25923781355783104
-3.0213282849292100 9.1284246053132811
-2.8022077077739898 7.8523680375079579
5.5290268453091747 30.570137856149525
-3.3335146915926983 11.112320199064362
4.0631779271735446 16.509414867870301
-1.0759805019920825 1.1577340406671339
6.2794240551415488 39.431166464290335
-3.0010913548607698 9.0065493202200511
-2.9955021532612207 8.9730331501926095
-0.72918059027754323 0.53170433323750632
5.7863510386945549 33.481858343001555
5.5098809169243710 30.358787718687346
2.9069912322219680 8.4505980242153953
-2.4360486807100927 5.9343331747893835
1.6137564000866831 2.6042097188207309
3.8961490394276344 15.179977337432877
1.4383020146892689 2.0687126854592099
-3.5543204600140608 12.633193932474564
5.0377159257273751 25.378581748327225
-4.5634497885939060 20.825073973017766
-2.9052165900743669 8.4402834352433320
-2.3010250394949621 5.2947162323827914
-5.7217321102021099 32.738218340917889
-5.1968757747537850 27.007517818222752
-4.4144428570321779 19.487305738002416
-2.3857348974933190 5.6917310011174571
1.4493641921690319 2.1006565615417903
-2.4856193060683158 6.1783033346995362
-4.4913979210785211 20.172655285468462
5.4632938819602641 29.847580040664454
4.1761906192865483 17.440568088616963
-4.7516857067764473 22.578517055983585
4.9958208485684041 24.958225950990730
3.9641825011660989 15.714742902551508
1.4151504135816146 2.0026506930602150
4.0820363028297120 16.663020377619663
-4.7852723411854514 22.898831379314490
3.9976845177907889 15.981481503784172
-5.0417359370331036 25.419101258771068
3.7173030901423751 13.818342263982052
3.8375025015494169 14.726425449398032
-0.43271633212875077 0.18724342409095934
-1.1166714967994489 1.2469552317643215
2.2259975041918669 4.9550648886684208
2.5736824231316366 6.6238412151367330
-4.9441448689918861 24.444568485578795
0.61234850284032782 0.37497068893079100
-2.8893822109483520 8.3485295609447867
-1.9639486401631387 3.8570942611986418
-5.0656689078743904 25.661001484205318
-1.3484455998657650 1.8183055357973428
-2.1329938239677930 4.5496626530847486
-6.2361875898301831 38.890035655551991
2.4249702250588507 5.8804805924219732
-5.3931199122686175 29.085742388108262
2.7686232585777115 7.6652747479374659
-3.2310190448086438 10.439484067916160
-3.5763600977028736 12.790351548441308
-4.4498427531477729 19.801100527741752
-2.3184541325294248 5.3752295646427672
0.32469393335767854 0.10542615035928060
0.72472577065012422 0.52522744264441645
1.6135979888080250 2.6036984694853031
-4.4247012961537910 19.577981560185037
-4.2028258931160325 17.663745487846576
0.31128554790131463 9.6898692332221648E-002
-6.0117934589514208 36.141660593091089
1.9910376596134407 3.9642309619989673
-9.7639246590013162E-002 9.5334224746653970E-003
-4.6389230451506611 21.519607018829884
-0.47650026407298962 0.22705250166162885
-1.3081847179387920 1.7113472562485967
-0.85670753341375583 0.73394779780788155
-3.9992112032257130 15.993690248006056
-2.4208748182992776 5.8606348858755606
5.1533903246646462 26.557431838347188
-0.27247057989650469 7.4240216909137555E-002
1.3374200675375564E-002 1.7886924370521618E-004
4.1744484250554299 17.426019653447760
-4.6954368525064503 22.047127235875681
-5.7005419640947927 32.496178684405720
-4.1500985311294283 17.223317818082638
3.0631927248914574 9.3831496698279526
5.5296237117019578 30.576738393016537
4.0307322840717097 16.246802745857941
-3.0606436418412359 9.3675395023431829
-5.8390016598263470 34.093940383454836
0.68480712669994637 0.46896080077903640
6.2293709473279399 38.805062399413394
6.0369632111427665 36.444924812691184
-4.2407260656239759E-002 1.7983757563662607E-003
-0.98377696875412091 0.96781712425104660
1.3710329322260044 1.8797313012482357
5.3024985654396257 28.116491036489290
-4.7431331229239087 22.497311821777910
0.87377334221274083 0.76347985356162351
-3.9298387458228410 15.443632568170440
-6.1589353828223521 37.932485049781114
-2.2892389418404688 5.2406149328388691
-4.1345921165715795 17.094851970415853
-1.2411738574493913 1.5405125444158021
1.8242323000634912 3.3278234845949357
4.4069006682353962 19.420773499693581
-3.9827396647495474 15.862215237169337
6.1614542685462430 37.963518703386718
0.55428735206624036 0.30723446866060428
-2.2363656736856785 5.0013314264395987
3.7583016265610385 14.124831116211348
4.8859448011953202 23.872456600327578
2.8761817463384056 8.2724214379702410
4.0148629855575200 16.119124792799841
0.56627056932712727 0.32066235768606888
-1.9240710173763627 3.7020492799077114
2.4625605065334866 6.0642042483384619
-4.5656998141328078 20.845614792772356
2.3143109563708761 5.3560352027782789
-4.7690768663794838 22.744094157435956
-0.40923233551718730 0.16747110443285176
-0.99508834848325645 0.99020082128713482
-6.2156702383070055 38.634556511375465
-3.2566826566036142 10.605981925822775
-0.70062410595840630 0.49087413785001616
-5.1220989019387195 26.235897161241837
-5.4922812491571227 30.165153319842926
-4.2890048414892972 18.395562530318632
-4.4017171438648370 19.375113814593618
-4.5691038969440232 20.876710421069060
0.86123014465049752 0.74171736205471683
-3.0050076831236723 9.0300711756323011
-5.8308290773754097 33.998567729566574
-3.0980797026003524 9.5980978436642879
0.95140195266461802 0.90516567553404803
-5.9303226069316324 35.168726222284391
-2.9176710645092703 8.5128044406746586
1.0165200334598463 1.0333129784252071
-2.8169475074319394 7.9351932596270167
4.1598560287455966 17.304402179891085
4.2451353980231934 18.021174547549535
3.6463760989856628 13.296058655253901
5.1381723081019910 26.400814667746140
2.9147011623771570 8.4954828659627495
5.2229698942739482 27.279414516492018
2.9545066529067574 8.7291095620702901
-0.25836765049326110 6.6753842821407922E-002
-4.4435803272984984 19.745406125154229
0.94506599784896150 0.89314974029025329
-4.2288894586025201 17.883506053079515
-3.4061604980155793 11.601929338241739
-4.3317349114713819 18.763927343259979
1.6723067322824139 2.7966098068370853
-2.4180986790054342 5.8472012214078255
6.2372392394370761 38.903153329973598
-4.8308286407470558 23.336905356262047
-4.1393348229383262 17.134092776389863
3.2600810856509739 10.628128685019233
-5.6668371125074763 32.113042859692072
2.8360597561944934 8.0432349407059682
1.2633374731539875 1.5960215710751020
4.7222099571235097 22.299266879156420
5.2901180253099271 27.985348721709002
5.6830402018174437 32.296945935473254
3.0910636079255984 9.5546742282420176
-3.3346995344549257 11.120220985093898
5.5648579042082824 30.967643494029396
-2.3968812211796062 5.7450395884434400
2.9475268280906235 8.6879144023139716
0.26962611764867273 7.2698243318295899E-002
3.2675159166600887 10.676660265627019
2.0416393026589250 4.1682910421616217
5.7310618078249806 32.845069445110134
6.0815195544239176 36.984880090840484
4.6928872506529364 22.023190747340877
-2.1918536684067296 4.8042225037080373
0.66170778741780889 0.43785719592937217
4.6024863963954941 21.182881029005582
2.5197606639483316 6.3491938035813371
2.2201163671315740 4.9289166836054976
-3.5554437310177134 12.641180124433157
4.7073538036295330 22.159179832545433
2.7916224701114336 7.7931560156310624
5.9956445853316254 35.947753993616438
6.2435425339045176 38.981823372674846
-3.9877545353527806 15.902186234226670
-1.0561448872554093 1.1154420228757413
-4.6049917021531046 21.205948576898948
4.2779966707451003 18.301255514906163
-2.0458305280836240 4.1854225496389201
-1.1907898589749826 1.4179804882376590
-1.3880275114967480 1.9266203726718547
-4.3543302432004634 18.960191866850206
-6.0114703880501947 36.137776226404355
-3.8807246292582409 15.060023648131512
4.8265620570665266 23.295701290714263
-1.4434288852160224 2.0834869466759693
-5.2982353848805523 28.071298193600374
-4.4843639657701981 20.109520177498219
-1.9802073532303028 3.9212211617873614
5.7578037734074456 33.152304293065022
-1.0881085461581332 1.1839802082223663
0.47532232126971719 0.22593130909723225
-3.1655185568257234 10.020507733608010
-0.17541793667055536 3.0771452505754970E-002
-5.1374790921870659 26.393691422659238
-6.0646074917570463 36.779464029075690
-4.7649099202044738 22.704366547663003
4.0128488382298393 16.102955798482572
0.10618881330490286 1.1276064071103514E-002
6.2262758468458337 38.766510921015801
-4.6728483348842840 21.835511560830824
5.2107565670727736 27.151984001292035
-4.4649611447104993 19.935878023774492
-0.73328734845684485 0.53771033540687019
-0.41096012678350091 0.16888822580591115
2.4490009371190915 5.9976055900101883
2.2211187651471946 4.9333685688889988
-2.4018866814936026 5.7690596307363506
-3.6454607044864007 13.289383747954485
6.0557568678157692 36.672191242097853
-1.8504249760770308 3.4240725920896802
9.5189397833109840E-002 9.0610214598300567E-003
1.3795085666375557 1.9030438854264036
6.2307901671348933 38.822746106864869
5.1195941069527811 26.210243819945642
-1.7882027506712677 3.1976690775082877
4.1634672310464413 17.334459383997523
-1.6373396833910383 2.6808812388070655
-0.51201371395855844 0.26215804328163650
5.1749856934931522 26.780476927858800
2.1475369927525629 4.6119151352407215
3.1839374822944619 10.137457891159597
0.67737535992311648 0.45883737823097159
-4.1325027571211850 17.077579037614196
-0.62514301862846866 0.39080379373991392
2.6669238121914680 7.1124826200338722
-1.1317592604682392 1.2808790236556156
-6.1630614496566185 37.983326432243537
3.5039778348297692 12.277860666978317
2.7931964903170980 7.8019466335197540
-1.8404437726249214 3.3872332801938536
4.0128807406573275 16.103211838738503
5.7920958756192897 33.548374632365984
4.8358751184371364E-002 2.3385688161119389E-003
-4.4415904608349335 19.727725821779877
-0.10320724902755894 1.0651736251836566E-002
6.0319976281146408 36.384995385580652
-6.0136791837416048 36.164337324967093
1.6236262895220694 2.6361623280272029
-4.0614770000961435 16.495595422309968
-4.5057779614772135 20.302035038133756
4.4394148729411391 19.708404414090989
0.30516792114226976 9.3127460094294581E-002
-5.4308968159158351 29.494640225124755
-4.7487490974165132 22.550617990214150
-3.8708342258976263 14.983357604380476
4.4834170522489876 20.101028464397000
3.7698124081590296 14.211485592709781
2.0244939679016558 4.0985758260701903
-3.5473975155531177 12.584029133352432
-4.4779939086031142 20.052429445486595
-1.7489373626252953 3.0587818983867239
3.2318460524663162 10.444828906842110
-3.2779226519405125 10.744776912104722
-2.7625216808887552 7.6315260373804330
-0.84034076680341208 0.70617260435174656
-3.3556628863273303 11.260473406674670
-3.8193120400950904 14.587144459615322
5.6421892767579811 31.834299834762749
4.9356184610020062 24.360329592583813
0.37130761140316343 0.13786934228592262
3.8416252986157535 14.758084934964577
-4.5972961095638825 21.135131519011210
2.1248348841749154 4.5149232850066259
4.8037088831702892 23.075619034249147
-1.4055399477748391 1.9755425447908976
4.1115920672688118 16.905189327627820
0.92248629649293579 0.85098096721725258
4.1537825722121733 17.253909657213580
-3.3397723360969347 11.154079256958376
-4.7295482821528845 22.368626953215301
-4.7049698820933905 22.136741591405894
-2.4487088092532137 5.9961748325142912
1.1247410559205058 1.2650424428731744
1.3955869577215347 1.9476629565624488
-0.22816279824246172 5.2058262501830294E-002
2.4747779385052291 6.1245258449121911
-4.5388672575460687 20.601315981623770
0.59292244762394086 0.35155702889636492
4.8727617886061765 23.743807448500466
-6.2719435157195917 39.337275464377029
-1.5599362706158919 2.4334011683830172
-0.77378970032908889 0.59875050033538124
3.2910563628561538 10.831051983495975
-0.96827553468735628 0.93755751107408569
-5.8943310437011629 34.743138452739238
1.4361087463425102 2.0624083313214561
2.9851273173816080 8.9109851009779160
5.9141099425358208 34.976696412401047
5.4783613807914096 30.012443418546759
0.49010635287018456 0.24020423712371386
-3.4298523034763431 11.763886823661977
0.52823862663179044 0.27903604666584009
5.5091802645739394 30.351067187570980
-0.27126988120378864 7.3587348448317602E-002
-3.5244967072441677 12.422077039374981
-4.9098180117916605E-002 2.4106312908913816E-003
5.9067822218073323 34.890076215859168
4.7643829000583526 22.699344418368440
3.5588230381513686 12.665221416876937
-5.0631675829118814 25.635665972649743
6.0381420378607809 36.459159269381544
-0.61603083254456603 0.37949398664555117
-5.6957733681359253 32.441834261166463
-2.1895158222407614 4.7939795358426371
-0.47636953793658993 0.22692793667392019
5.3581230029229125 28.709482114451649
-4.9404815206113737 24.408357655502471
-4.8698804457135374 23.715735555543080
-3.6772678678051931 13.522298971592551
1.9870733193016117 3.9484603762803250
2.8213377106716773 7.9599464776581010
0.36992429371786878 0.13684398308266404
2.7140878305677352 7.3662727520358748
2.6714690877158005 7.1367470866210914
-3.2820767689025199 10.772027916969606
1.7204460271472812 2.9599345323268635
-4.4836388976405974 20.103017764435791
5.3227780211016960 28.331965861923287
-1.7532795574601686E-002 3.0739892066077246E-004
2.7498831517322606 7.5618573481809515
-4.0202682827307976 16.162557065131235
-5.7405845511258233 32.954310988624471
4.3508082772104180 18.929532665042686
-1.5015889511317986 2.2547693781610949
0.52213229489799284 0.27262213337544455
-1.0576141664043406 1.1185477249791482
3.4469204914253484 11.881260874207966
2.4179063921263646 5.8462713210855330
5.4282299225497859 29.465680092064854
-3.4966882276490723 12.226828561379611
-2.3724138441141345 5.6283474477444049
-3.4020724072376121 11.574096664087520
-2.8334993511085087 8.0287185727323394
4.8371688292294781 23.398202282469281
4.1376107405584905 17.119822640384982
0.30611429986322763 9.3705964580754045E-002
2.2278185863913813 4.9631756538708922
2.5658812596933678 6.5837466388456241
-1.7032709422273276 2.9011319026359681
5.8374377617361857 34.075679622143568
-2.8997481027543119 8.4085390594272322
4.2125259837385333E-002 1.7745375163672299E-003
-1.7957641033925911 3.2247687150333966
-3.2233209652625052 10.389798045100809
3.6911744167991998 13.624768575232913
-4.0807901424834245 16.652848186989889
1.6733627599456107 2.8001429263727915
4.0851074109947465 16.688102559364200
1.2884353923129550 1.6600657601646382
5.9258077508476905 35.115197500006566
0.63043533689536868 0.39744871400637699
-3.7897136045246422 14.361929204319157
5.6843773722848239 32.312146110543722
-5.1022098731246146 26.032545589410297
0.46205909121992089 0.21349860377897917
2.8822205922561230 8.3071955424252373
1.3165648772321519 1.7333430759613111
-5.3992861384592912 29.152290804958643
-6.1947459085901251 38.374876871994097
-6.1657206717272794 38.016111401765095
0.83655915459143093 0.69983121913072965
3.3411120074603597 11.163029446395795
0.89507713489247287 0.80116307740731807
4.1236295968539753 17.004321052050081
-0.41557577890487052 0.17270322801238983
5.8125609563757266 33.785864871583499
-5.3276534549049366 28.383891335560506
0.68389912737872427 0.46771801642938055
-0.41850365567664816 0.17514530981471849
-1.0722608688577566 1.1497433708835911
-3.7501171115903467 14.063378350642724
4.1089481526320535 16.883454921018366
2.9256790717683212 8.5595980309831461
-2.0742868706706301 4.3026660218365551
-0.65100073629429978 0.42380195865572046
-3.8349882652939353 14.707134994942187
-6.0850395902536798 37.027706814954669
-5.5201453766098920 30.472004978907567
-5.4443190292760297 29.640609692537090
-5.4998237668633987 30.248061466555505
4.9115339263613400 24.123165509798440
-5.6620655718987605 32.058986540481236
-0.93247157869145203 0.86950324506732879
2.8553554882482834 8.1530549642695931
-3.3921878328874504 11.506938293589657
2.6969749279501296 7.2736737619916072
1.8780871461387894 3.5272113284917421
0.14506635546474336 2.1044247487823277E-002
-1.9569108883912298 3.8295002251041526
0.14458444884299701 2.0904662847233219E-002
4.3489884772747898 18.913700775468893
-1.1309945403769133 1.2791486503623852
-3.0107423351631724 9.0645694087437914
1.9015316726604643 3.6158227021309033
-1.8658829438283255 3.4815191600694582
-1.6328078588296946 2.6660615038560120
-3.2659224955630988 10.666249747025098
6.0363236777017946 36.437203541983315
4.3074137008002946 18.553812789842091
3.6989380568912034 13.682142748718071
-2.6675749899154511 7.1159563268224186
0.29567578498729685 8.7424169827854198E-002
-5.1071313719530904 26.082790850387454
-6.0653247265436647 36.788164038421982
2.1566236935833247 4.6510257557249819
-4.4817619116065739 20.086189832327410
-4.2952064808756161 18.448798713355895
-0.66877723006109102 0.44726298344818549
4.5443550229148828 20.651162574291725
-0.77632271778070538 0.60267696214242072
-5.9620501174550293 35.546041603045531
3.3223375606434721E-002 1.1037926866862416E-003
-3.7264891249759486 13.886721198564011
5.9176230699096921 35.018262797527406
1.9137010547512598 3.6622517269560846
-0.43883251858496231 0.19257397936762130
0.89262619727663728 0.79678152806455016
-1.5408369804765947 2.3741786004042300
-5.7936019597747466 33.565823668305782
-0.93867730008094341 0.88111507368724951
-4.5956222648995784 21.119744001640729
-0.66729594026432903 0.44528387189325497
4.4360254391231164 19.678321696547439
0.61618897886437507 0.37968885767392124
0.94121359179276987 0.88588302537544683
-4.8339214555975420 23.366796638886260
1.8144387718624284 3.2921880568376376
-4.1854008490631198 17.517580267338285
1.8596556246442106 3.4583190422708494
-5.0795925322008850 25.802260293191001
-0.81589036350956978 0.66567708526777791
-3.1940477192874397 10.201940833085295
0.32736769544124050 0.10716960801850879
0.93488010065035754 0.87400080259202262
-3.5291611686913678 12.454978554599021
-1.9670923349212188 3.8694522541058127
3.6943801329034924 13.648444566392026
2.2447936647295075 5.0390985972097324
2.2082504470339730 4.8763700368257412
-5.4650827040041463 29.867128961605271
1.1152322370449945 1.2437429425443829
-2.8022058221264605 7.8523574695594327
1.3905231997427052 1.9335547690226913
1.5071271260358001 2.2714321740329306
3.6090826383965595 13.025477490775470
2.3147681361177255 5.3581515239859288
1.9243474628465573 3.7031131577639824
-2.3160002477738590 5.3638571476885764
-1.6727582896206812 2.7981202954947069
1.2756392083231771 1.6272553898113822
-4.1762858175641853 17.441363229987754
-5.8889974604530755 34.680291089222770
5.2015950827762234 27.056591405161786
-1.2448068041639637 1.5495439796929007
1.5241354810594439 2.3229889646243023
3.2126716582853416 10.321259183949888
-4.3446155437831147 18.875684223281848
1.4866144561320211 2.2100225411807051
-3.4884821116268294 12.169507443140382
5.8398583770615620 34.103945864136101
-3.4132351885696455 11.650174452490063
-0.91802484810119911 0.84276962173122971
-2.2074294557744580 4.8727448022207200
3.9829239559720966 15.863683239056416
1.6624495911478083 2.7637386431075153
1.7163267413610779 2.9457774831111365
0.12909790396467602 1.6666268808072711E-002
-3.8155295173894759 14.558265498070366
-2.9106687100123327 8.4719923394448564
-1.4970790413776878 2.2412456561323366
-0.13200475675951664 1.7425255807139155E-002
0.35958520116002746 0.12930151689329741
-5.7539810126601401 33.108297494053410
-2.4859538443970624 6.1799665164725335
-0.37709825063037938 0.14220309062849243
-5.4799301201821233 30.029634122079262
-2.9912143836591887 8.9473634890096196
-5.6511456462460243 31.935447115085395
5.8360229635776140 34.059164031405238
2.6837224278898657 7.2023660699590755
2.0788678863658760 4.3216916889633250
-0.69476458846594691 0.48269783338625655
-4.1544304233138485 17.259292142155683
-1.2769550753259895 1.6306142644008035
2.0592385105259199 4.2404632432330089
5.3361456178225879 28.474450054607207
0.90511232962933952 0.81922832924705014
-3.0755090881484657 9.4587561512838061
-2.5257766031836431 6.3795474491899027
6.1597707260866024 37.942775397953469
3.9100342054072752 15.288367487454902
5.4344384514123707 29.533121282189285
-4.4068610766307854 19.420424548723446
