3.3596954427840551 -7.0714820473685325E-002
-6.0054397143286522 0.12427456797830677
-1.8111201539984603 -0.44189197618212894
1.5146460667898058 0.53280783772071449
5.4095127847960862 -0.39467793376090649
1.3541467188221812 0.50187564655377181
-5.0843051642195629 0.49200091741904217
0.76864917501051855 0.34456810367806789
-4.0294747675943112 0.35644985700883608
-2.7762313156975407 -0.19685915927455960
0.74671262806176708 0.31282663739436944
-4.1375810068417618 0.44471278670335501
5.7728760072526688 -0.24974041797795052
-3.2308391930447495 6.3003060560996790E-003
-4.6803621784380294 0.49494642340715528
6.1476528119093281 -8.1911805582443653E-002
-1.6794907462658897 -0.53906664037243124
2.5223572855507239 0.31342049970627939
-3.5819514207921679 0.23948931544485705
-2.4950708441001614 -0.25223363717375546
0.82864260127768674 0.41493020050856433
-6.2257285243021645 -7.0846014707224743E-003
3.4989112384425973 -0.20587155500955762
6.1439789903701323 -2.8301439194687757E-002
-4.9119210073785693 0.49342484948703402
0.16288647464467354 3.6291948232655240E-002
-3.7781548547783466 0.29424451493318043
3.6471804727244730 -0.22613758985465915
4.4290112414314375 -0.52012183292933167
-0.85443414844207932 -0.37002803376508347
-3.6978972263630818 0.26679849337002709
-6.1315279864419958 5.7393003548402877E-002
-1.9986077996230529 -0.46243173596888903
-2.3346455783692845 -0.36192893714998509
0.26351933275611511 0.17239204567333591
-1.2527889888908879 -0.43076010899354789
6.0048063296805916 -0.12112189180083380
2.8270400737937083 0.16837423521000891
-1.6102871316351235 -0.48656313895066167
4.9083852955662645E-003 -9.9720998456185855E-003
-0.64569138101234358 -0.26418511509581627
3.2059509931578765 -3.4779279193445430E-002
5.9447109871914181 -0.15521065499146228
-2.2136605227925497 -0.41247256833363322
-0.91290324072693596 -0.34688672239547597
4.3666256066878661 -0.46244773859985228
1.9792923055443874 0.45150943030002227
-4.6853445632254846 0.51286373876749169
3.6291727119503281 -0.27261436172809506
-5.8243809360438954 0.26071540597905096
-5.1753653423693535 0.46918189199135668
-5.5746391214498248 0.33041571429829214
-3.0928201504664812 -2.1277713879403422E-002
5.9757607344861086 -0.19600225297171397
1.6048308592755587 0.51588382208302752
5.7989966960991808 -0.20023114580381146
-3.8105158088576783 0.31324210050881079
4.9975475020756379 -0.47164898034493269
-1.2772981451446188 -0.48977880187317474
4.2108250613362372 -0.46245278424626302
-1.4848463252616693 -0.51638622922703292
-4.1087941387710272 0.41360343612300837
-1.1934221252966937 -0.44193178216096235
-2.8262737124533790 -0.17864025681550033
5.0803446372557461 -0.49497969631910665
-0.23520937946299952 -0.13743639864818830
-3.9014688900131209 0.31593991977105795
-0.90946444309486218 -0.42286882104446089
-1.4061844365188922 -0.47888042286579208
5.7207104698693900 -0.21847118744142927
-2.7790894050142310 -0.13179775750488065
-4.8468245757848702 0.46062877210123382
4.4606743234825412 -0.43825099498657361
1.9752952287670573 0.45950921017854279
1.8039808167457319 0.47132596282578620
3.6554542875724221 -0.19592293675706324
-4.4038354077256985 0.45604350944385874
-5.4292245756466784 0.39302539110530055
2.2580698119178972 0.40182121699726892
4.4013392158821985 -0.42948343574778708
-1.5425004923729675 -0.46079072732555537
0.44763148047905232 0.21087978148635980
-0.75664176254899196 -0.36530500480627748
3.0561793369566947 1.7348334445118945E-002
3.9866929173994237 -0.33965764836304763
4.7053889958109343 -0.50522503111791539
3.8341971284027707 -0.29901026315894635
-6.1198193127070475 9.7699992830655780E-002
3.5489381795082346 -0.24450361635102627
2.8659912545468251 0.10972053816162018
5.8484343023488297 -0.20507306154633514
-0.56800390048041183 -0.27727759758697507
-3.5377011425298313 0.14747765674920460
5.1141340156792028 -0.44483170535479954
2.0413783007415907 0.41621722960088564
-5.2847614219370733 0.47002631430709130
-1.9562740153743019 -0.48696716931821571
4.6891060004054639 -0.46528011390472807
3.2536266441663080 -9.7418120430965816E-002
1.8212594050470852 0.45860616280873906
-2.6894509065624530 -0.26244976777558388
5.0087260408754162 -0.45165124856441807
5.6908241225762772 -0.25595959854978256
-5.0301766571571447 0.47578842848961250
-2.2220902435324326 -0.43694837419402127
-0.77009296862874022 -0.39030376123468391
2.4836234301475146 0.35242890450877790
-4.1888785586291082 0.42343419344403649
-4.3040374782400708 0.46974823594047410
0.27934479704182752 0.17332678629795087
0.52566565142516897 0.24892309900993884
3.9795979473168615 -0.40687804231709657
3.5670307613892804 -0.23933848347195669
3.9183521818591180 -0.39085186942630301
-2.5473411262855166 -0.26715133466758317
2.4114675559519707 0.31086318234205546
4.0294972035982664 -0.33836452830398761
-4.3466322635809949 0.49317521032034739
-4.8335878330895659 0.52872566400906884
2.1496858664332437 0.37574692315572011
-3.5246672907085657 0.18535215766619875
0.28588813452710760 0.15717050949970857
-5.7916204793408275 0.26348339980849989
-5.3554869174917066 0.36811854508034469
-4.4543508750621594 0.51371860077007314
-0.85696815019001793 -0.37004831867242943
-0.76195724304121470 -0.35655497878356518
2.3483536213890912 0.33236344986898653
5.7321704393727773 -0.29054083315903034
1.1602789843480605 0.45532054248963405
2.7203208188867398 0.23580193576224040
1.6981914977514683 0.45401536906376705
5.9883751862224051 -0.13032259963243881
-0.57525601383471447 -0.22855514163212520
2.1629045877951554 0.40248016942811893
-3.9075589217308897 0.35287525411413362
3.4244283776285234 -0.15482984680425005
0.37398758380553565 0.13752599249698333
5.3610482339659251 -0.43932433051519759
4.6134529271237135 -0.45268494033171014
2.6852889074524224 0.18953938164764692
-0.34683814926043105 -0.20146527617072812
4.6881162830766714 -0.48389684336907679
-4.4163847062902253 0.46637546917887751
-3.4050765645002299 0.11350002842383905
-1.1529889619713900 -0.47647611528387357
-4.3498693590226614 0.43112483864603240
-3.5432897892345983 0.20815567368123772
4.3179116310633425 -0.49732114479828288
0.98487642715250390 0.43542634155414783
0.88608111187603134 0.42855246603451030
-0.97700530172228861 -0.46259861749941450
-4.5945548658438824 0.49160141889548725
5.3674996488190843 -0.36967853971249837
-2.3538438188732234 -0.35662296087968159
2.3307243851875623 0.35804835415519931
5.3970428132289481 -0.36785319872707989
-1.5509732107008871 -0.54425059179199287
-4.5051642383199457 0.46699151942527251
-4.2617431301494095 0.48943286204129954
-3.9853658704723456 0.36041516640937293
-5.3981366344059891 0.41980975091850797
4.0855634352414887 -0.37796678326387495
-4.2758006074878576 0.49590451994061108
6.2004447653789141 7.6356331856067272E-004
6.0694446750646751 -9.9722397442213881E-002
5.6799931365855096 -0.29625628190900011
-1.4961479769338790 -0.48453860691894446
-1.5254457775065917 -0.52099621540794216
3.9287576687322647 -0.32077041112365712
-0.54377549215246279 -0.24553571703736071
-2.6102452395797116 -0.26807508095467475
-0.58550251503720929 -0.23106365013790470
-2.7306803822414518 -0.24023255798693643
-2.8880641179542872 -0.14306212053135842
4.5472748258406925 -0.49569771133969492
0.64994074586896067 0.26417829758724864
-0.46762121734647122 -0.24737446300565066
6.0136038627867059 -0.15440440284298343
1.5488398356029389 0.46826199616245828
-3.3231813815194817 0.11279666748372519
1.0803968258627885 0.39197270165955250
6.1815109713610399 -2.8651535756665188E-002
-0.73180177486955578 -0.29675389939768038
1.2977485103499427 0.47222724865954918
-2.5330112836062568 -0.28606447216356062
2.2585292701040878 0.37032322198857986
2.9998665330098566 6.7089911940225455E-002
-5.7738599159907018 0.20477281520423057
5.8538121350169456 -0.22820282458912319
-5.6110812009501547 0.30107950744206380
-4.1330656757980240 0.43512988249963713
2.4284596046994267 0.37276826598601076
-4.3910012579587621 0.45458155274512974
-1.8297129772333283 -0.45539611779510253
0.82676686177275582 0.36884915673668056
5.8728510352035848 -0.19100501073042192
-4.7536820482544542 0.45651000199673997
2.1254211413697943 0.43560065891447147
-2.4286784722980519 -0.33821470252376779
-0.22634374892345671 -7.9505626462130274E-002
-2.0550858729432453 -0.42920989301616397
4.6340373067437133 -0.49374464908460325
1.5506407777981868 0.47287612517473510
2.4154805719634318 0.32450480610042626
4.1092790167892685 -0.45430499631537397
5.7530963537194850 -0.27126709921734038
-4.1845106870720725 0.39641708891105437
1.9390301005918420 0.45779405540975671
-5.2403480467793182 0.40021560362874353
1.1544903287476991 0.46769162487187960
1.0364230658868827 0.46643947837436112
4.4790587168391891 -0.51131442063003085
-5.5513353719786247 0.36056968153770219
5.9579236943541245 -0.16992639069832344
-3.9054602019097264 0.36146578629451570
2.6847306087122371 0.18911190365838526
-5.3810095232580073 0.37266974292548538
-4.5921373330144792 0.51900299673191874
-1.4154811670819101 -0.53976398655626501
1.3003968475693732 0.51914572019177629
1.1773805289693637 0.44591901869571648
0.50346790292257859 0.22037533292905653
-1.5042698965673635 -0.50400172456553383
2.3488708456267124 0.36473458703211775
-0.72568694888869523 -0.37560894951186496
0.16265359368469742 0.12457093055263055
4.5573191949175564 -0.46927740241010352
5.7400024016355511 -0.28378859068638740
-1.7027701715144785 -0.46936984272389554
-5.4043644257065635 0.41276037068753912
3.4837117060890983 -0.17114213040110812
-3.7787832577434450 0.29901855029328694
2.0798259924377427 0.44735275872838098
-3.5813361622650861 0.20438170696120897
3.5921430558081737 -0.22103441307819902
2.2737280420178116 0.36456067429046546
-5.3472240074958624 0.39626560742583039
-5.7085540328824562 0.23216606476827209
-0.57833914597673386 -0.27674075009637944
-4.1318297903548373 0.40303128096541480
-5.2699363091408946 0.38844964590653319
-2.5257690298681563 -0.29778911875364505
-4.7406558801525165 0.47482167210744192
0.13085786917503633 2.2913514309379657E-002
5.1619736215632184 -0.41004766564878270
-3.9268118343927587 0.30715844472788412
-5.8951441984254043 0.22883520681827718
-2.3562073107129042 -0.31737640971492592
1.6834126103132432 0.48093114996030123
-2.6744967353136206 -0.24555766810724142
-4.7196194264324607 0.46593274574019161
2.5067259911634245 0.32525492850583876
-4.3959676051048717 0.44985851275351041
3.5812723230837293 -0.20018469154337809
-5.1648576196105642 0.44127834742651567
4.9047120659093171 -0.45177489254117775
-4.3140906644363319 0.49880858680008661
1.7720511892422697 0.45273530115732458
4.6070829723124973 -0.46982206480248895
-5.6290011153447672 0.32078970537395851
4.2641027045452438 -0.40218257188964007
3.3112193657088880 -9.9339435783873359E-002
4.0033541987716212 -0.36902628933448473
2.6925177612050821 0.26420128353189026
-5.8004246605988383 0.26393082293424031
-1.4223430401329038 -0.50965575393988749
-6.0076548916154762 0.15858103228647863
-4.3899921554514947 0.48316756234290298
-3.8332156156140704 0.34305825554302438
-0.60659527327549279 -0.27075416301374189
-5.0079389035724162 0.43434293048161954
-4.2858962171714827 0.48650012815997529
1.6017898558987285 0.49078787518692496
4.5499353882443447 -0.52240413622379844
-3.4575342936814772 0.20383274866744089
-1.9213466567866360 -0.42107513723581064
-1.1987343955138452 -0.43478170062408128
-1.4580011218332500 -0.53900743590810118
2.0672099650655329 0.41922604116726703
-4.0074747505027091 0.41581849370473850
-6.2235386082427793 2.2967096420758067E-003
-0.94812949794453871 -0.45236098503085292
-3.3302820613816384 6.6915420867282110E-002
2.3769591074251317 0.37427696080346301
-1.4340722902519665 -0.46213914390293909
0.63491796006479229 0.27775073818594004
-0.76500463386804740 -0.31384957484577691
-6.1397233180475697 6.4329840158704535E-002
2.4619011192504718 0.33959825744294897
-5.1629837831656191 0.47575800716630401
2.5133456752023244 0.28306725631268925
4.8374608378185266 -0.48940166918004341
-3.7597469128478531 0.25451917043968253
-7.0688489547811539E-002 -3.9972145115811597E-002
-0.47255412535201125 -0.18334497971594529
5.8535981175451912 -0.19817032364761542
-2.5370627783251596 -0.24046640225219915
-3.8399934820419688 0.32097036580634830
-4.5156109298630147 0.50436907978505319
-4.9090061776709577 0.52157863955536665
-1.9550458187530895 -0.50674601627343951
-5.5022875168340057 0.36981988676803601
-0.79200703835136166 -0.33803062014017893
-1.6255148506810333 -0.52292831482010316
-2.5737716657059099E-002 -7.6665779644616450E-003
5.3785693816374707 -0.34858975961139638
-5.2814123320627591 0.43786487890061548
-4.0842607741439130 0.41579873608256607
5.3524908090263539 -0.40804817138763799
5.8672701640816181 -0.21670565533200548
-3.8536955993190181 0.36865775544016377
2.5759107879454355 0.28936262960354697
-3.8384399542722725 0.36110329640708161
0.36629063870965384 0.13540716451012053
-6.1498997107345783 3.8040721024301533E-002
4.5591052706163282 -0.52693309939150434
-1.8215986993950803 -0.43669695367547567
-5.2033751759822247 0.40498888610781925
4.0492329996809575 -0.43924368661918378
-1.7161007220883597 -0.47303088311436520
4.9032470896486053 -0.47635274385891158
1.8180994897511673 0.51593623301400671
1.6280559909681092 0.51828009355779825
0.80125581703487481 0.35011760279722304
0.80559670761206259 0.34962795241854427
1.8404859245926342 0.51197176504468944
3.9641198201363910 -0.39956029796552561
-4.4374583041698052 0.47345160489789950
-4.1760880679025378 0.39088658828928541
-3.4735204015077161 0.15588621026783073
-3.6787907707246168 0.24433048950637370
-0.81879268533675587 -0.36561043437833374
2.6855825375347200 0.19723916269918407
0.71426267322626547 0.33230980817807748
9.1227454223873947E-002 2.3669736064195774E-002
-4.9597159413712921 0.49705430165196107
4.2384915019420921 -0.45455162206734201
-1.4070630785028033 -0.49742748578689661
1.2097667055980001 0.51651702896905594
-1.7383177407596651 -0.47578554219956953
3.2622939525379762 -8.0089138773225085E-002
-4.2575286857918755 0.44387922014097086
-2.1360897756152806 -0.43672066114732472
0.81973726009343351 0.38323413667045225
1.0462550064028053 0.39749731154249668
-1.0602350019871587 -0.43855343823072401
5.1144084399463594 -0.48662329695911000
4.7755732350626161 -0.46998731449109421
-5.2452875522579214 0.45077470372220446
3.3301821894442147 -0.10711788708101440
0.23604322392492480 0.11792862228023833
-2.2212810791976239 -0.38141993032659866
-0.47922717696898537 -0.20876871780194345
0.75558535583133957 0.38847453928153719
-5.5833790229008660 0.33196090082733726
-2.9769428988037077 -5.4721555005482640E-002
-2.4258460907998631 -0.31659962896526639
-2.7107358751072530 -0.16424865600720423
-5.0749425476768169 0.41800387575992892
2.2500937523365203 0.38912471104047791
5.7286214654105168 -0.23535340583571879
5.4535490462156622 -0.35514951115928550
-4.4366553554885559 0.46274824266817360
4.4269931043586777 -0.48128911236669425
-2.5659169474297392 -0.25449863632485908
6.1757259592558009 -2.9620045856970752E-002
0.40824555039695204 0.19234886390577555
0.36327393093981658 0.17581996487125481
0.57809981099402397 0.26344302009375320
1.3316498575401965 0.50837216098553017
-5.0834633591033542 0.50609483640092390
6.2074838278977049 -4.2093572726119612E-002
-6.2146189208922422 4.9171283388603632E-002
-3.2402779008339846 6.0848916226408013E-002
1.6604105845032631 0.48405742696902698
-4.1902126310860686 0.38408834073660408
-0.23870435136099205 -8.5331516118185957E-002
4.6278002854132509 -0.49991875061741525
-5.4173945951098545 0.38942460423699998
1.9316937236758061 0.45823390781847190
-0.29057477728843800 -9.6989375368324693E-002
1.4064702805131930 0.53965836524570565
-4.0435759804589724 0.42408827099908764
-5.6403086391520771 0.34868121300133448
-2.4023012037467337 -0.31466023305493646
3.1816858729407174 3.6714979019593467E-003
-1.5536930255796553 -0.49371073311427760
-1.2412792334167591 -0.51130205288140729
-1.3643330933348818 -0.47295928075959398
-5.4381221411749943 0.34254252508719540
1.0084614212484204 0.40477905782614149
-5.2493487527166502 0.43479012756451557
0.43607508929575339 0.16666070539436273
5.8837672713410019 -0.20613627286236191
2.0846400642452814 0.43968799379469908
-5.2712317596064739 0.41758138754482427
-2.0048189610671452 -0.40580303575248089
2.9754457673420638 0.12417356982774978
5.5801365508654452 -0.33411896792143692
-2.0909409742525651 -0.40994658487806385
0.42404917580858337 0.25160438033759525
-1.8597607115396559 -0.48235409793847528
-0.28558377516863226 -0.15506679868650913
5.3995377303917875 -0.36938989003802880
2.3818066563776483 0.36536063540641084
-0.18761935229218554 -0.10692094406990769
-6.1826147081221121 5.6275718929678337E-002
1.0871634469394713 0.48318051698719416
-4.1709056870772807 0.40282868102476665
-6.2176559012099366 -3.9877424300104047E-004
5.8907936304682700 -0.22291137622783866
0.20193463263034217 8.4369479501335942E-002
5.9690686372004489 -0.18865160516947049
4.0339745612539080 -0.35043008281660787
-0.46240426894659709 -0.24309443505054001
-3.4464780740046033 0.12578166018782716
0.39893549171018605 0.17064627323306386
5.0491628621812801 -0.51537704836297171
-4.3780600041869713 0.43604183200950269
-3.5268615073275056 0.17423590620053209
2.1425751929256176 0.46959702284444527
-3.2624039906559279 4.4912904960408076E-002
-4.1761635782825008 0.42147215040869068
0.75595018841673622 0.37382131626091569
-2.4393010826795734 -0.27888582001394913
4.1263861468513729 -0.45191105111714674
-4.3649549499012226 0.43486138551583292
-4.9382293798580719 0.44797144857367510
5.7117080462824878 -0.24242023874268073
-5.1762792491514658 0.45313487265999886
-5.4597070833081078 0.40298278403149423
5.8928576498771834 -0.23230194353078298
1.4946284115371247 0.49334195982089823
-5.9205612925859450 0.20644197591823676
-2.4034646707704428 -0.29555686271541159
4.7366823679943080 -0.48728019741660283
4.4559381509035294 -0.47898225919386861
-1.2760064786164689 -0.45611749702544774
-2.2839555855848914 -0.38033760277275974
-2.8455362434194922 -0.14716526464664531
-2.2455614573481091 -0.38149590699187486
-1.8076902773432866 -0.52309010283960233
-5.4034254886747952 0.39090448655088694
5.8379036867458138 -0.23121817318931301
-4.2946125824798695 0.43096063402362184
-2.0831552077784523 -0.44571876303556929
1.5526266207900032 0.50589558391273781
2.8574844064716132 0.11001230192123003
-2.0493404795593428 -0.44371891058622315
3.9741605155747903 -0.33964069763363447
-4.9255602384535280 0.45869187169558839
-4.6812708031926835 0.53928855943075804
2.2409779790295432 0.43208137464410223
2.7240061957565040 0.16574922515686263
5.4080619665520562 -0.34617275078480231
-2.9270330244951586 -9.6558012427508319E-002
-4.4369995993999902 0.43638312108043176
-2.8825446329274884 -0.15197691987716799
0.80884282887979864 0.37157014709056480
-2.2010083373425418 -0.44587416102944205
5.9251535741748285 -0.19423297029132830
1.6961640398959912 0.49789402831945773
-4.5875150354459961 0.49314664941859904
-4.2260060461365230 0.44726990191287913
-0.18865219785248502 -0.11565794605288733
2.1848469810171149 0.37551550607417844
2.6966505581374229 0.18761831073526758
-4.4960152200482950 0.47744767431366208
6.1810816142993961 -4.6750135936905649E-002
0.25232259613470098 0.15814438805401654
-3.4395673552099790 0.12860336256945967
-2.2397880571694864 -0.35182492233223833
-4.4574335266721219 0.53124683390848393
1.0588984476965426 0.46936120222119848
-1.8049610612236333 -0.49450128819825051
2.3604648552693948 0.33523055177844119
-4.9870287254566588 0.48250486888870048
-2.1005355734746711 -0.39116219045083711
-0.24297857589452487 -0.10960293725861299
0.98719416046890696 0.41110795827539143
-1.9430514289865426 -0.41868126531957484
-0.66933395072144708 -0.33637036777230006
5.3107732800080303 -0.38651161477982426
-1.1952160331609882 -0.43762586360316685
-5.9322390051940346 0.20470550462554243
-1.7828225296904547 -0.44303226442149440
-4.2059853194423464 0.39119029556847806
-5.9088131526561005 0.18143226865144285
3.9293799102587181 -0.31533646826459805
-4.0010728230640380 0.34517824195893698
1.3734796917135856 0.48413673425181558
0.27941784069526776 0.17281322119805423
5.8305746191846231 -0.18869283022582234
-3.3085505206916750 7.0751410084674379E-002
1.1306051638188226 0.40854162102997238
-5.1678846309156414 0.45294075583391746
4.0690844325100324 -0.42551662322160866
4.3305853011743691 -0.47166442046680107
-5.3370662524059043 0.36425040558010385
-5.2254136035197938 0.44086563409510038
-0.79889273316109222 -0.31204496925016112
1.0244707141877836 0.43366049764559816
-4.0807521984489021 0.37281589464556047
1.7684383157434476 0.52176586661499580
-3.3771226256664995 0.15457365149064350
2.9034281881428274 0.12424921106685977
0.47721837239335230 0.20929055183115633
-3.6443154632728869 0.22277057192793417
4.4251290816486462 -0.43960799535268824
1.2757389896251956 0.46542055766871548
-1.3453270836939406 -0.44201747963335891
-2.8897413056743662 -0.13001546045199214
1.8213222254440511 0.53106764690134856
3.1024472647115329 5.4609972862116676E-002
0.95158533396840583 0.37865489806469782
3.2921762679815449 -5.6766413761102211E-002
-3.0999734444911828 2.1076023820828842E-002
1.3526401571445548 0.46937073790637385
3.4977024602372113 -0.14565226459042052
-3.8928869459569495 0.34683626851831539
0.59134661537458744 0.25065545992028393
-1.6603921380308435 -0.47330495902698344
3.1407953683328063 -3.5343325700391524E-002
5.8833173830905006 -0.22228787018342785
1.1856405055748829 0.48535861873609615
-3.3746107673714238 0.13415428885113770
1.8786324386676252 0.49398889171403443
3.3806022067677244 -8.7935984278376539E-002
1.2785012897215078 0.44995990412948128
-1.4100841364723302 -0.45350914615881543
3.6461906241879847 -0.27497567759277591
0.86773069365606614 0.39229864656804014
-5.8588269585809813 0.23040660670714425
-3.1766084694104393 -1.1557230979778572E-002
2.2490697802435538 0.42936967274131937
-0.62710085147652739 -0.33629769245460495
3.3195346459297115 -0.11242095162981618
-5.4685808963019751 0.36690099812653759
0.65688081670232035 0.26738782689624696
-1.6674850217363770 -0.50724608016718964
-0.49331949778052969 -0.24981790026476386
-5.9440442664564825 0.21503501135966577
-0.29416507033170025 -0.14047650765592665
2.9109392772308342 0.13503408949996912
-2.9004494659312203 -0.14492188313272092
4.5715975425770354 -0.45280013609431013
4.8995215831028371 -0.46330120573024275
2.4339719500575141 0.37426228922584626
3.3765924260114510 -0.14874301160322201
-1.8547726684442452 -0.50405224336726839
-1.4492797272671136 -0.53638766101080648
-1.2527977197282119 -0.45251075392493384
1.2488046145344989 0.44754881321371631
-3.1414715212746036 -6.3176305457000211E-003
3.0515653176732993 1.8705046057509320E-002
-0.88533730464008153 -0.39354202999379939
-1.6613537917316135 -0.46047377196053918
-4.5281982664477045 0.50096004894139923
3.9530865772234982 -0.33903975264406894
5.4630486266871578 -0.37752443124049312
-6.1412733448874892 3.5646632498984469E-002
-5.6222355402224578 0.31733580455973537
-2.8142899692828025 -0.16457112264011478
3.8662059806071749 -0.29742382408586809
-4.3999320969147666 0.49056454350520617
2.4038989316597381 0.37305464656145537
-3.4218257063369375 0.11908970219394442
2.0463236771240361 0.40967864391198916
4.7699524792563954 -0.46129420200264160
-1.2283935325671704 -0.43048638105740744
-2.5485985330141627 -0.32525777780025961
-3.3422312534686208E-002 -1.4707199996668760E-002
-4.5804266718937807 0.50389282840320448
-3.4383469592297882 0.16305010325812647
0.15266811466612451 7.8355981438949049E-002
4.7483973128398418 -0.45128707146315622
2.9808836722105014 5.7340291743424830E-002
6.2664107440473744 -4.2927796321102385E-002
3.9741952278182069 -0.41188761725349238
-0.15256599343598282 -3.1483643028234996E-002
5.9006550261131663 -0.19480048526748678
-6.2191178354559700 5.3475558593963260E-002
-5.4559242219113324 0.33460054353180552
-2.3826583154215317 -0.35035184621898341
-6.1831116917286231 9.2452569994204037E-002
4.0015310510066566 -0.37081117582611844
-5.4222541096452295 0.39027025635284390
-5.3891442374768914 0.39719128185844560
3.1770923573174095 2.6346008639885427E-002
2.0059972908580384 0.44917678383763465
-4.9296389960786717 0.52758870689474890
3.8722392538254891 -0.28505791651561996
-1.7742473138396881 -0.47681925006179726
2.0263803662687114 0.42385813910209091
-2.5709632717210922 -0.26370129149139993
-4.2258481652774851 0.45028229279201010
-4.8984662180166110 0.47655208606734595
-3.5769963811671985 0.18283736128327502
-0.57333552496697038 -0.24673010587197564
-1.1697095109150155 -0.43540425181417397
-5.2518363262625183 0.41908389115378347
-5.2387791049429238 0.43957270386320241
2.2835912581716422 0.34794711461801869
-4.4020506009587610 0.45800621646173451
4.4914704505165961 -0.44288253560437629
-3.4815581094909875 0.18551461275320377
3.7058002541303190 -0.31531640040284947
-1.8284364181220605 -0.47121734621391792
-0.80066843168057056 -0.32340936611078897
5.6114129260273016 -0.31608547699155948
6.1145076519017616 -7.8360785398762373E-002
7.0985110064984966E-002 2.4477683898645512E-002
5.9559579185515714 -0.19479794386917268
4.8442352218796039 -0.48475997627536876
2.3422677809461527 0.39000507968921944
2.6452118479842470 0.27920335980013056
2.7234738600839243 0.24542520859179279
-5.2581088550597590 0.42725850254150399
4.8563401880281543 -0.50432287350946303
3.9055831750531356 -0.31671167584267890
-1.3155582243716348 -0.44274183744056111
-1.4520800177775194E-002 -2.5827481699999679E-002
-2.2752471697253496 -0.39225301151034309
3.1819813584585992 -1.3231922270944284E-002
5.5965482209466844 -0.33382381385620175
2.1236313097750696 0.38473409438606843
-8.1076807723248663E-003 2.9275254188559384E-002
-1.2122900472609046 -0.50715857896128713
-1.2443763127657430 -0.43685231520240153
-1.2773025345577749 -0.46480941499788347
4.3879649090834363 -0.43485831049072410
5.7524491352426708 -0.25082212746233362
5.7230967965561170 -0.28960909961133896
-3.6233694946953574 0.19779865852934231
1.3285916912220490 0.47414216286261340
-1.4078422775351802 -0.50622662197198875
2.1976514753982679 0.39805392595540867
-3.6525405173756322 0.25842860779199139
-5.6236203841291488 0.31748931653913082
5.9841911723534755 -0.19263742104779183
2.3200454721549209 0.32315352587126267
4.1362955936998329 -0.46143692549088461
-5.0703124174587044 0.51790018348739852
1.6890600280518757 0.45977446029521324
2.6206716409669650 0.25012596133324311
1.8278084744594825 0.51838506082683111
-5.4927226156465441 0.39912755773345149
-2.6040960340029899 -0.22888149856227377
-5.6345630324686624 0.33192429947215135
-3.6693001413122830 0.26892595427516458
-3.2689339771263306 2.5611698599064738E-002
5.1601207269727363 -0.42100101346182628
0.55926985159971276 0.28680513377842681
-3.0232390648483713 -7.6916722792631509E-002
-0.81909423634907541 -0.32419146665777815
1.5287800298907972 0.54801282006579766
-0.39825953033722933 -0.18815644283900071
3.1058980999368604 1.0032240926665763E-003
-3.8394876754353549 0.33791886801370036
5.3582039002462185 -0.42864214056185368
-2.4166671296824780 -0.33486418329350726
-4.8551476053549782 0.46616583664807498
-1.9388779639552483 -0.50132588412042345
-2.3752441205974044 -0.31136068791914262
-1.1865656708613441 -0.50972228509901663
2.5168500303498766 0.25179381808073914
-5.1828800094467722 0.48589582252349783
-6.0073245859582967 0.16771467504659224
-2.8834334076594192 -0.14480239955329433
4.6978682020238933 -0.46362094031023066
3.9236130801591980 -0.38897900719706641
6.0533936336721323 -0.10989883392117773
1.0491063456429022 0.41837376844880320
-5.6095874082397374 0.28028903631115193
4.9577448172506635 -0.53382367866187286
0.57084192812369883 0.25888297796578807
5.7535602656381490 -0.29337987771599661
-4.3902091899451072 0.48865574454049193
-3.6542545606763501 0.21818740121751595
-1.7414960640909984 -0.47369690691663840
3.1824261756484171 -3.4407754791713263E-002
0.32500143460010628 0.14456524273910210
4.9285511034835112 -0.53329641045708764
6.2792359891153673 1.3921620773721275E-002
3.0725908601309273 4.1840930556332347E-002
5.6976653187330504 -0.28139384223353775
1.5989115411106114 0.48652451844578248
2.8608909506715774 9.0511824531036678E-002
-3.2489311456971284 4.4561036560974793E-002
6.2468698816248116 -6.2829685179055961E-002
0.37897348604442455 0.13858294489694203
2.9553088837419557 6.2322485876658784E-002
-4.0413598768577028 0.35030816424608202
5.3296969246933905 -0.41667073045267794
-2.1854900447155847 -0.44420135766534619
0.31888303812444047 0.15772844315172879
5.9820944779156564 -0.16238507905699734
-3.0439682831252743 -6.9943169061122107E-002
5.1653031185995815 -0.43155376407153917
1.1678938849669431 0.48374912077818105
0.54311860939206258 0.23066941397971097
-0.59740356381017545 -0.32148288769862765
4.6304651956894709 -0.46395103764698947
-3.8158117416847679 0.35271160690242526
2.3281272792469179 0.38525946601255801
-1.4931732283224286 -0.45337987282871378
-6.2762972677970303 3.8431468626922052E-002
5.1219262111541166 -0.43267591351204654
0.44644994980896191 0.17071172984933031
-0.49971923233258081 -0.22107808547347810
4.9011844704399392 -0.50526200768067187
-4.1513821607452783 0.41584501738433599
1.7776324245594401 0.52719301113742933
5.3570340398331595 -0.43530144585703040
-2.1610377747544192 -0.37590601827134662
5.8443812126238290 -0.19552444225669904
-0.90175593620211447 -0.41016639859217369
5.8006916337348811 -0.27079019362152462
-3.8900016862214586 0.36128407196294021
-4.2155443992035471 0.48820810827780697
-4.8653438380913387 0.50893786749202741
5.8779531552938113 -0.22845360354255642
-2.9685735970118849 -5.3069791778242482E-002
4.4274011775631710 -0.47560219864245235
-4.5775649888744079 0.46727834193323392
3.8597333866324046 -0.30031787803477944
-6.2562335433572747 -1.2516080535178338E-002
-0.25392422674713772 -0.16386550393760071
3.3587850880925920 -6.2678449846793202E-002
-1.0125764303670206 -0.45317416896908974
2.6859016668619153 0.21628829735111091
-0.81473110626635858 -0.33603167830484049
5.3191683764741997 -0.45116213090957824
0.52773067235326332 0.23876617018379867
3.9191259894720186E-002 -2.0378910933733816E-002
3.1214023887614015 -3.7992130556865754E-002
3.9835989542335435 -0.33617057793539767
-1.2271294342148553 -0.51302922663716966
-1.1677678483190073 -0.47608982273762857
-5.0983611254342733 0.42219562056571941
-3.9608354373538783 0.39354766585417339
5.1158058008481566 -0.46855963420298141
-5.0304427387159896 0.52378169769956640
-2.0912763909500853 -0.41025012912729258
1.9309134841833222 0.43751675638034460
3.5486985907735349 -0.23677978109214215
-2.6395981161852826 -0.22239229180165249
5.6076672542934469 -0.35592881791229986
3.0554641964423794 7.5937366242344151E-002
-5.7504920063522995 0.28002943010254394
-3.3559017185852857 0.10232697700742346
6.2231570793984927 2.4958657136552737E-004
0.54620586212164179 0.22466239153762319
-3.3636100060990222 0.15461782090363635
-2.4317991363953531 -0.35838063670305031
1.7987551025566817 0.53238556767628942
-2.0032886211865431 -0.48412857401877984
4.5774847101089930 -0.53238913032211566
8.7005148243047919E-002 8.6383208515112483E-002
1.5507172497390815 0.45646910595403595
-2.5027730003398161 -0.33327340635962671
-1.9392300481330531 -0.44319458983242294
5.0904496837287816 -0.45627946091670363
-4.9918296171776637 0.45552171539867120
-5.5473036090153638 0.33455427211121430
-3.1908443782984222 3.5188575189023553E-003
-4.1594068745403669 0.42702318867776218
5.5285934185532088 -0.30993113540042561
-3.4056086503505454 9.5146098373710880E-002
2.8640700666052381 0.17992599766147246
-5.7035994866890336 0.24528849595479915
-4.8986787579010684 0.47601696609936789
0.99078884326705841 0.45761488950573659
-0.86336115129374513 -0.39292253208288586
-2.3248764488585287 -0.35502316795446393
-5.1422279647980638 0.43127724649364996
-1.5982027009665174 -0.46239147292263466
1.1206049114299506 0.42403696472809471
-5.4504650122206151 0.40185899600388214
-1.0737726122830988 -0.43302170080733743
3.7003922150901860 -0.24434652771881049
-4.4801365538031819 0.52440036092679199
-1.2352027140361930 -0.50798560387178060
-3.9995769515195039 0.39574395479072583
4.0045555205935095 -0.34244260312363295
-0.72230697610164174 -0.30557275776764203
-3.8410641482333858 0.35025850383569512
-0.98558780020698933 -0.41076576718533314
-1.1261335026883388 -0.47415662781246498
-3.2168713781187290 8.5559117959020659E-004
-1.2474259083664054 -0.44583016184284335
2.4924121550016833 0.27422335118815372
-4.2976215560764359 0.42227382075367065
2.8657987016247399 0.11619648977642211
-0.56646506379148753 -0.28151016210139962
1.0905102567647218 0.43761196085017001
2.9990252766616941 8.3003405022529744E-002
4.4612731908625234 -0.46751636897709992
3.7757047651669047 -0.27765515216621151
4.4083814763502733 -0.52258204973020961
4.6974236977717405 -0.47277550376964722
1.9418884090907549 0.44079094942419328
4.2392132605320159 -0.41250626740333440
4.8369601530839308 -0.48850828171036736
-1.9583519698260232 -0.41698383613235174
4.9852662081148482 -0.51263311719452143
3.5497367330616139 -0.22391676530940632
5.6362509516080523 -0.34090607159408332
2.9533998736406963 5.6096494224499874E-002
3.0181769820428719 4.3498361202849639E-002
-2.5434709910600053 -0.23163838420272759
-1.7522020514923866 -0.45416805816902783
-2.1058549722273008 -0.42049956878705708
-5.1198245424576303 0.43885920910441734
-2.9426961516288226 -0.13992238423917006
5.0521501261312771 -0.49403638998699467
-3.0695237406488767 -2.3978508472078490E-002
-3.4734261215927162 0.21053944771967562
3.7790290763650458 -0.25182581112724306
-0.58831250270430724 -0.26423858259360611
-4.3551199969234329 0.44035811411016074
0.18610395842497204 5.5476929235346327E-002
-5.7118951848137014 0.27716534674641302
2.9578508493586400 0.11945967907355934
-3.6050785157607428 0.25672481763456761
5.5162098586778789 -0.34458694818356672
3.3737621333255889 -0.12237243132987280
-3.0238230389786036 -9.0411684265953113E-002
0.82938104606615082 0.36739450964120846
5.6889675694463939 -0.24284057665690209
0.43962569448296795 0.23438456872350047
2.3764696952455813 0.35300443309193591
-2.7095640817285105 -0.21650999727953016
-0.53548931561757429 -0.28442686918032956
-0.11759679156639899 -2.4227976510710458E-002
4.8304421802778057 -0.45204938828603569
5.8771894255456107 -0.22904060625750133
3.8248741916433522 -0.36415615683372210
-3.2783981221046332 8.4637315259493515E-002
5.5748445476570492 -0.31704564851530304
-5.2531717738481261 0.43889796376625378
3.1556732228955648 9.1582297956654488E-003
-5.7930231148282409 0.22213137684116468
-3.9750399302153943 0.34626953651574371
1.4833232202359448 0.50152452243029000
-5.7043404970854343 0.27583586715046432
4.8424656479505970 -0.44857162116323562
-0.89799652935514707 -0.34146682622811203
4.6674364314201453 -0.49032116085238114
3.1704713000547722 1.6092699289710199E-002
0.81440857049130799 0.39183764459619136
-3.0601982130726411 -3.4192258218425899E-002
-3.2814535675082912E-002 -5.7483378060261461E-003
4.8590685091013182 -0.53537151014698336
0.48201579034734604 0.18193009732986537
5.6314725003625146 -0.32601117094973631
5.8901333970686167 -0.14466058584431188
3.0673927332010753 8.8696650494897201E-003
2.9395443823541680 7.1485479974558994E-002
1.7847945897710622 0.52070189672118306
-3.1597651245413378 5.5219951225514638E-002
-1.2474671575210492 -0.46092052915597376
3.4873806191393619 -0.15866923195925237
-0.81421272271149059 -0.36505594275045006
1.5146527652684281 0.48269812074115437
5.2539030675160694 -0.45716536766340021
5.3606449843158881 -0.36627479832140947
2.6091506289952235 0.27155339274821366
-2.3064370742237856 -0.36222006126768763
-1.0160897117728547 -0.44578730012163376
-5.5996392764864504 0.31444499504279527
-6.2745512130220691 -1.2126639324638099E-002
-3.3363981648923593 0.12405318112850226
-3.4389956909468240 0.14568544682830933
-1.6233608828168553 -0.48488025786076200
-4.5560629844273866 0.51634868666917100
-5.5471945180152726 0.30529437260756581
3.6849465359314553 -0.26116291058863589
-3.4868990642009128 0.18861937714355881
1.0828398782622561 0.41298008100139133
3.4797327726055798 -0.15599840235880258
5.0991188115552504 -0.50475386886969642
-4.1866472747916825 0.46393951521339372
-3.4302849952684751 0.16513690237293313
-5.7674731486628135 0.26219112958912150
6.1252955741629789 -8.8335595867806080E-002
5.1944928524111003 -0.40319995880540149
-6.2679220716564226 -2.5486110699092478E-002
1.2564727440316872 0.49316444021336531
0.81026709881894499 0.35074310889289378
-2.0147828195373201 -0.41187429227392169
5.4807698935564950 -0.34640410560065737
4.3556765634000021 -0.45348782533462834
4.1922179588564861 -0.44173000208318242
-4.5834643648143651E-002 2.3410243948546045E-002
-4.2053746919536135 0.38758219252223169
2.0610893098566310 0.41707706766859370
0.16030525044489069 6.4532047507634735E-002
-4.9477379499979843 0.48236208949653997
5.6374389398737277 -0.29923260544182956
2.1709017707791260 0.45693436194157988
6.0959835501077269 -7.6593178422502239E-002
4.4502666583718193 -0.45753275988873821
-3.6275044096946281 0.23646177912664171
2.2778917969813013 0.36706829670470165
-5.4845358703070346 0.40253892555593496
-5.8739276879838691 0.21599177319963850
0.43419285509696087 0.17395167339005446
0.23340901726060639 0.12793383286657850
5.3259464305129347 -0.36830165650182084
2.9132323195912599 0.14337525046202398
-4.9899583163687575 0.44754141211777571
1.4222298040333909 0.45458025350581588
-4.6554432248990620 0.51103471825528168
4.2098635128039401 -0.43568158480389257
3.3074056894501793 -9.8509588061048467E-002
5.7103700128212065 -0.29669339613374535
5.1071967707894448 -0.44189730239876268
5.5901583935146890 -0.30008562236435909
-0.26868252508157348 -0.16967119971105260
-3.4526132603877322 0.14504703971174901
2.6912926022487600 0.25676085147879218
5.1207671986334082 -0.43945417809221754
4.2357852306166244 -0.42324675793547434
-5.8962033090049442 0.23793419079348213
-1.5819061298365369 -0.51574067814480140
4.1542006396347277 -0.44698402269088655
0.23235061913335342 0.14170037413334691
-2.4188602980934504E-002 -1.7443606023453143E-002
-1.6837875505581856 -0.50537548853258740
-5.9877103523182642 0.14335503790941995
2.0276789868003142 0.41940098928820685
6.1242248815850973 -3.3239779604044853E-002
-1.7173683311559906 -0.45421376803403118
-5.8086496910439989 0.26553504362419550
-3.9277199436349726 0.39777237665839682
5.1546755820139154 -0.45328827630771845
0.75235144702940970 0.38457136016236104
4.4185637214402798 -0.51305826726233272
-3.6060648618434881 0.24191407419767497
-1.5516300641684948 -0.48280333869490888
-2.0919115747606871 -0.39544044314810101
-5.1498264300903358 0.46100811074206877
-0.89551494274303989 -0.34296953015053966
-5.3451669175738150 0.41621212464013074
0.25668521273371747 9.8372025906597660E-002
3.0281163517019025 0.10348904279569644
3.8955606427714007 -0.34389168665483028
-0.17799219850524686 -7.9855582830873753E-002
-2.8369350986563537 -0.17779059720313495
-1.7517234087998634 -0.46534100337224038
-2.2208405577687436 -0.44313127860773244
-2.5828019079090656 -0.25239240183193451
-2.0758282092272173 -0.44874771660429380
-5.8376306785122765 0.26369599018516232
0.26497458460498158 8.4316758157066546E-002
2.1518494039937819 0.44001288145926670
-6.2315295557330099 2.3350062136279270E-002
-4.0548642963058654 0.39435739173627543
4.3941502526094078 -0.51371088541178034
5.2250689297049266 -0.46138330674048939
-0.83691178859300452 -0.39808815284630267
-5.0661483813134289 0.45304739276710621
-2.0575279830266480 -0.45572670070343174
-5.8671003296656474 0.23579800619570029
1.7472000454395327 0.45670810646025534
-2.8949381663411913 -0.14628300242168796
0.66772704638151481 0.30080630787267371
6.2255115331775812 -7.6118980515462634E-002
2.3235347004687075 0.33713619561217001
3.3475836977916735 -7.5362071418408602E-002
2.9423818535969377 4.9738561251881905E-002
-0.58092106027902479 -0.29047104536865997
-3.1830909815963806 4.7494931526389311E-002
5.7070820778732170 -0.29650310881101577
-0.20953566128562071 -0.13106969906019761
-6.1720555367358516 9.0950849407142903E-002
4.7317307582153916 -0.49430715015592519
0.27017485240767020 0.10731204894186355
-5.8792471722927582 0.18131761195618612
2.3985632772347958 0.34715675983994299
1.8541363125020907 0.45328879935928107
-4.7232909263580671 0.47453011029895853
-5.0496161062981777 0.50034679629693357
-2.9732997738136708 -0.11035597787860743
5.0730592203075373 -0.50004107726410463
4.0827282977404424 -0.40183333794139431
2.0875233648440408 0.47676150945514223
5.6567376936149136 -0.30145465096904644
-5.1528840705603365 0.41847354637423989
-4.9911202561917545 0.47592749002775347
2.5080437352361851 0.29809555835872481
-0.42062507899282109 -0.23740174926082516
-5.3462691807780862 0.40939300023474190
6.0910388855461619 -8.1921412787278727E-002
5.8187632763984833 -0.19090700148261169
-4.4989295539532383 0.47912922193380247
-1.4064279275996576 -0.45905913306686758
-4.2686464156203119 0.42537341294392222
4.2115931048162816 -0.42702195124702147
-5.5682564751261561 0.32968976573199921
-5.5538755383927478 0.36239846182351931
-1.1252786959475920 -0.42575640748669785
0.52946695520829123 0.22759734528152259
-4.9095312533845430 0.44089102884223735
-0.65541286851837988 -0.35207469404597602
0.85938173011108943 0.39468995336321677
3.8341508410734666 -0.34809903783377211
2.6018840939978367 0.28537894169975431
4.2270731023589887 -0.45601034446052108
0.73742324714809904 0.33264836914805623
-4.1942003334408566 0.41884092912376192
-5.8315406827581927E-002 -3.4350101813346391E-002
-4.5819646500045383 0.46653550113467901
2.1668566213772658 0.45233477676712380
4.5224180487615895 -0.50066689115837870
-4.1195024391024608 0.45742037335075836
-6.1793929563591856 4.5247541552460940E-002
-5.4223602222529603 0.33085950356166693
3.7367045412186779 -0.23157427124829014
-2.4777935541851037 -0.28366428760266549
-3.4886777754300287 0.18956845917654808
-0.32335051529063125 -0.20862573706584253
4.8854164353722833 -0.51409440914291116
3.6833174942255846 -0.22696761909606022
6.1840568444235346 -6.0338155389617794E-002
6.0903636393509792 -9.0668995020907084E-002
5.3550091383103915 -0.44952702936564987
-4.9830538835166358 0.50540273935930513
6.2719062582253438 -2.7288128075288822E-002
-0.62832620646503701 -0.29564003551920709
-1.2287674096442758 -0.45229954152693758
-4.9366013056024789 0.47685183039375367
2.3587100041901330 0.38047469704717507
0.64029861886247352 0.30863030100438332
-0.89631062706936260 -0.42728860408822550
-5.5719571758653608 0.33248361351411454
6.2042983574296304 1.0086533417334363E-002
3.9273348428585582 -0.30873237334340531
6.1704343787533782 -5.1775666308225485E-002
4.9633655239490118 -0.47578844987617186
-0.44785325029504119 -0.21062792722448528
-2.9372831089600107 -0.11865817227595429
5.6996521351125153 -0.32326867402643672
-4.5603146031125883 0.50958295863315217
2.7612275803735575 0.16116147516475848
-0.42918887152794494 -0.16757418556606779
4.8220563463236221 -0.48234380116457226
-5.0805268560174337 0.47848041892738796
0.69633266570892638 0.33452236402332097
-4.4210780049054801 0.44759426391275015
-3.5882644732936098 0.22631834269946852
-4.4442307204296201 0.43971224900789529
2.3179931882980869 0.40784528098740835
-5.0479551227191273 0.50482493978021226
6.1829617423750094E-002 7.8360745580509067E-002
4.6206123842500917 -0.52237913003537761
-3.0322845781027130 -7.8604602430860926E-002
-3.5480496002114856 0.23789139869475157
-5.6897224641733271 0.24068539711038706
-1.8844272633485055 -0.48453816031426006
1.1378843616864307 0.44166265463276083
-1.1177321155363462 -0.40036595885390580
0.22777725135631829 0.12100675189519468
-3.4805923386187323 0.19404507889245656
-4.1690779097989035 0.44182988625717096
-1.3378959384433584 -0.51972061350516607
-4.8418327854901611 0.47299433276823571
1.9101126876960353 0.51915436090674016
3.5278644962533496 -0.14904812004637982
-0.52324949543708421 -0.24230913028782594
5.3074000980416907 -0.39867473428892325
-3.1490260721331027 -4.5455161440491471E-002
4.2525678420505413 -0.41417081713514975
1.1338692045985153 0.43392359794147289
4.3766060381430059 -0.48892489437567110
1.4528098281639445 0.48553069922654468
3.1734112934206617 -7.8897870643892011E-003
5.1584895133105269 -0.49546048065973186
1.4198985585056987 0.51450100932202381
-0.46422631622376315 -0.19378643053062089
5.9855723212058862 -0.13098635704450270
4.3297149514563706 -0.47538786332686878
-3.6603438479609705 0.23306810276780762
-6.2476132510143056 3.9649339080864612E-002
-3.1681789818602906 3.6596175902745706E-002
-2.2041382649704593 -0.37832638331263391
5.3438788977008738 -0.42078351598634151
2.7839081803893704 0.16022720044339556
2.2381524907301493 0.42332000033533052
4.5461971010175848 -0.49500755780330291
-3.0157541202143863 -9.7415182972965975E-002
4.9190204064651226 -0.44713165886777778
3.5938789042690957 -0.18992746868871704
5.8150605263198418 -0.19466997443907064
-5.0167523117429953 0.45946683636656249
-5.6156076435613169 0.35401702438502258
5.8544875957048106 -0.19154774581359743
1.9733244791621860 0.43293571714108026
-5.9593944192650312 0.17676955431279551
4.3721673235266429 -0.51013552075173141
5.8351056046922229 -0.16693407956988238
-0.90303569018369911 -0.39713398650084181
-4.8261717672180042 0.47697928227746683
5.4695916614939906 -0.35864447504088293
5.7542508606884235 -0.21789175034254094
2.1477766442545860 0.44475727893039718
-4.3445202891384120 0.42311655166363205
1.1714815805015819 0.42906360959232592
4.7775868312043270 -0.48448332640933039
-1.7283154374724368 -0.53281383624859935
5.2940751743669638 -0.38968954417620005
-0.19459245423246280 -0.13695145637790246
2.5087138295125522 0.34418618922220784
-3.0218868546167150 -7.6451284979136835E-002
1.4689922843615120 0.51167798387092212
4.7153710284353432 -0.47399423323488021
6.1663046513449231 -3.8387887191034732E-002
-4.4248143090380871 0.47778114672271199
5.6925048241701495 -0.26058886737810993
-4.1910135639077373 0.38494812191707889
1.1270982300870429 0.43375307747285824
-5.7118068737522014 0.31096957561872746
-0.39314608061821027 -0.18774054142416563
1.0189397828233937 0.40232127686080271
5.8147950315338193 -0.22532960528044804
0.22418846200173562 9.8818816974247728E-002
2.8894799485547695 0.12167453116583941
0.13285725854792343 0.11383029079001558
-1.0751025234456248 -0.41457342759303950
1.9230205830736085 0.46498091160730753
5.6297703281606006 -0.34796186113506983
-0.24644540047278199 -0.11019172501482252
-5.1896007307247514 0.43395894157298842
1.8108564597860586 0.47485615949748888
-3.6932092994587404 0.25601417467645199
4.4625772045228684 -0.49437211800530467
0.61242247181144360 0.27999534462915043
-0.87276387588373971 -0.39123003677728113
-4.4128122466091542 0.52253904053801348
1.2618581039719310 0.48887734415659762
-3.8255575067814704 0.32010593879491789
-3.0667209251873224 8.3031215398083058E-003
-3.4333978467023996 0.13173505865448698
-4.4045141828924024 0.44153526594106629
2.8190447366480682 0.14501485599307312
-4.9704114579872485 0.46645160708711453
3.2703616358228191 -8.5810501413575629E-002
-3.0225597756338058 -4.1011606611327120E-002
3.8476009009167011 -0.33563641511324666
-5.2364068350973314 0.42196880430818412
-1.0546586063617707 -0.48041365454284302
-2.1349542146958589 -0.41218479992159146
3.5575040973859275 -0.18200104345293591
3.4439655919104792 -0.12718940672342016
4.2473881188931815 -0.49673580380057747
1.6702518190098277 0.51909475905770552
-5.4061647274555700 0.42199076072579356
4.6655816019630816 -0.54219849856929514
4.4945150835216623 -0.46199776452039371
1.3114067026032468 0.45987618182430101
-5.0971454787258210 0.43943842305972797
0.66755719841936356 0.29706682072631607
-2.5345698989598389 -0.26324327865942254
-2.5701863995708343 -0.30699459494275405
4.0923501992748426 -0.41488292879566335
5.3900934753493877 -0.41282417980629643
-5.8231245225407227 0.24158105337883190
2.0211930380031888 0.45672778553014270
5.9425335521376619 -0.18787125879256428
-5.5777852410557802 0.34707993998690778
5.5572875973344349 -0.30473025608939275
-4.1457791424879904 0.41627166102725116
2.1898145878078608 0.45567955421922796
-4.6734381576658883 0.48020496802070678
-2.6125438287455167 -0.25556986328450487
3.1535160208969848 -4.6917223178207991E-002
-2.0959081069622685 -0.43557518067295453
1.7974817450069205 0.46319339074588339
-5.8909774866516758 0.21572821180500373
-2.3224245239007253 -0.34494973018446135
6.2590017547357553 2.2448992876101734E-003
-1.6761093318394964 -0.48880379006717511
2.4960817968572657 0.25613267408657103
4.4580864709771717 -0.43740635421142987
0.57615687573850050 0.29619638408543064
-2.0817950245802797 -0.43681240811580563
-3.8568120603888243 0.31845741409138945
-3.7466259740006884 0.24421926893893545
3.0440756549728807 1.8820434746278255E-002
0.94241378976238277 0.41140117127771497
-5.2608341197355495 0.43097736527256203
-3.4366892677580063 0.10451980463870444
-0.15177783011087392 -5.5761471327799531E-002
-2.1871214291482302 -0.44746311938324951
-0.12574071503744583 -8.0776644123108046E-002
-4.0687674830250531 0.38328855711169141
1.8720490894638480 0.46304750151345037
1.6099956254797967 0.49624874166587390
3.0354451116614025 9.3569221707203998E-002
-5.5627845881921747 0.30816178040633846
3.7739528113362857 -0.28861647243286304
-5.4529313610789032 0.40716946646872837
-1.5474393956683443 -0.45875541143537618
5.6786467720383129 -0.30974563638653646
-5.0471914705405121 0.51172499387549697
-1.8107075576385454 -0.45163312044117759
-4.8217907225237431 0.54621804312685174
5.4832514426930450 -0.34086414867155496
7.6663377023647714E-002 4.9827618322192679E-002
3.1664104487407045 8.9819925042955336E-003
-4.0786046044783406 0.40032746935857105
5.2534594898990861 -0.47669465125756977
-1.6558421792354769 -0.53193421335047963
0.34579552412081416 0.21542936437440702
1.7231073116921067 0.53607711780031864
-1.8188548138223277 -0.51504695319785221
2.8977910694480253 8.6589595628726326E-002
1.8678031274495310 0.50238814089202877
-6.0320388098072959 0.15348381117451620
-4.3904562143726196 0.45755177423069682
0.78823539373630369 0.37832829515161809
4.3362319731704497 -0.42130075209929269
-4.3181897236894438 0.47359731072665512
-0.18265610527175422 -0.10570325285295162
1.7092049201995176 0.46425104020828917
-1.6553000956949802 -0.53336498391526699
2.3957007279198486 0.35904483877293530
-1.1863031848082335 -0.41495280893407360
-1.9139287646297780 -0.51824360535078817
2.2005059387910526 0.44447852678187738
-1.1564029855117994 -0.43193864002213345
0.84455639292521112 0.37470023426776911
-5.4880806353460514 0.34028386455831577
4.6271856059728265 -0.45069648264198725
-1.2077432111326967 -0.48498224097478587
5.9121202866867932 -0.22748643764742457
-4.5921240844680709 0.46000851891018507
-3.6867527265711755 0.29019442653091759
-5.0409627572140039 0.45671985948181787
-4.2685222210942220 0.43466692172174037
-0.17998717847642617 -5.1357459612528585E-002
-2.3797416357499013 -0.38768612880156805
-4.5837044167761842 0.45877234329437988
2.8584032123438292 0.12641656250441372
1.4714495600268021 0.53010814073012902
2.5964963944061124 0.21513534937376572
2.3215296879866472 0.39680373332334112
-4.1020893167050279 0.43006103886610036
-4.9881551942771027 0.43371670739220214
-1.2952341489748911 -0.51540222161280558
-2.7867189577214009 -0.19228161363994001
0.26116545076086345 8.7995995970833851E-002
-2.7741944815667763 -0.21800019033657661
4.4319975058033636 -0.43796310820939510
-5.1329921515481427 0.43468513068532649
3.9138821287402883 -0.33553231728525584
5.3572089586640574 -0.39740606320915794
-6.0835025483547600 0.10348915778509220
4.9972192692242032 -0.48922342459855711
-5.5730294542769689 0.30565730069098446
2.8086644581337445 0.17285739350612672
-1.0842019417685780 -0.40645187772889235
2.7751222394561492 0.17475198494277297
5.2910300071959258 -0.42726080717696252
-1.4858136308414380 -0.49510715293500202
1.2737347985825245 0.49705765771863503
-3.6183019099864930 0.19751428887272529
2.7512006490590917 0.16859598421404387
3.2564903186863403 -5.1956031171349060E-002
3.6082358414368199 -0.26704474194383959
-0.94507443095531796 -0.38897919030291772
-4.5534704157614687 0.52342541368826734
5.2895166736409616 -0.43481066954427827
-0.98662520760471140 -0.37611785366754430
-5.7629914878121076 0.25548711189153722
4.4299987911188037 -0.45936301007764452
4.4530643354836750 -0.48572421704276525
-2.7857406429921050 -0.14539162834645311
6.0372161497106234 -7.3906131925923074E-002
-4.2735123999229181 0.42311668027532479
-3.5754012112439328 0.19711738682337118
3.5382465555435063 -0.16646899307107729
5.8084224881856947 -0.22594920376188080
0.93459768086341799 0.41866176194439997
-2.5047330622211263 -0.26740538736373554
1.9520985993142506 0.45629631949319371
-4.5939746290846184 0.47307344719260147
3.5345647392872190 -0.20313052735020462
-2.8926061897476716 -0.15319003819786120
-1.8755574988452501 -0.45264106216489952
-4.5622361354365015 0.52186716781520814
4.9841069620644527 -0.45423906107952866
0.32219702590544097 0.18435385886368844
-3.3585718424678084 0.13427542037587015
-4.5574956519383623 0.52584200623871691
5.7165808182745090 -0.28215734544328158
3.2376915369658090 -2.2813392931999160E-003
3.7715775656515480 -0.27738333543521099
-0.13875250726478225 -1.9691979405457069E-002
3.4823534667234610 -0.15596740209874185
1.6917258152415799 0.51617635227475278
-5.8893084225399015 0.21402554666607942
-5.6865694970610585 0.32037565217070307
4.8161807705402460 -0.48851902567177768
-2.8704729551400212 -0.15502839226576318
4.1082386213168034 -0.37480344801296656
-0.84725280646154788 -0.39774121564663956
0.20336733861987383 0.13920361894897601
4.8661934008494550 -0.53323115794094045
3.0071406967606058 7.9615035970310485E-002
2.4523424282539383 0.27713781147626970
-1.6144315723750415 -0.47555985007472579
-5.3132153797539257 0.40884174170049264
-6.2143496138676895 -9.8444168163581980E-004
-3.7766059489236969 0.33026781596489063
0.65162523748719470 0.30518804315585207
4.5771397929726190 -0.52975628720332568
-3.2112711361402817 7.5576986627446593E-003
4.6820268486431820 -0.44981547751429773
5.3797700903374048 -0.35156003305671729
-3.7928055105308367 0.27170702181900958
4.0017193856836801 -0.41214745099845862
-3.6242964104748050 0.24037799236216503
6.2745112000458132 2.1704050395566186E-002
-1.2262183257286066 -0.50226669197312568
-1.2451857425508399 -0.51304999958394049
-0.88599510788250790 -0.36178493738563788
4.5832993980510999 -0.50981640674898310
-3.8139793342382844 0.28777072750658345
-1.2754716216305977 -0.47134961077714077
1.9281569035040638 0.45453623424537271
-2.2243341605471385 -0.43912699629481905
-0.85095321837536375 -0.35827030365341922
1.4427096322685967E-002 4.8060719611054667E-002
-2.5756322697677980 -0.30252252119620104
3.4309815517759912 -0.11557774039157656
-5.7528179362659122 0.20371059267307734
-1.8956824150727036 -0.44752962698914905
3.1439187497345080 -3.1428966555952141E-002
-1.1247872402853512 -0.47866714110206132
5.8174181027037095 -0.21860646847626822
-3.7613192252592840 0.28273612488988498
-4.8865326718928053 0.51493241769727993
-1.4746174772112541 -0.46764746192686729
-0.21959681311856361 -0.15003091446010342
-5.6102646167282337 0.35571071955049249
3.8786133821454731 -0.30260186498388075
-3.9607022692564264 0.33027369483880709
-1.2902071372911021 -0.43956466470796501
-3.7035032929207103 0.25557641606446957
4.0502697805544940 -0.38584636635118325
4.0217867907645690 -0.40967803543446779
-1.2937513796890023 -0.51766719907234227
1.3175865884404145 0.52396304250086445
-4.2023108399859561 0.41467584007614822
-1.6126347102702119 -0.54902337443497340
-6.1468727407794646 0.10763212453988628
-0.16066743910854611 -6.4288334909746156E-002
-0.82653644698595075 -0.35197274461807676
4.2180032529072822 -0.45595032241369282
-3.5634074636123141 0.20544283859382947
-5.6733106478639606 0.31013919462556877
0.85198269476627386 0.39758901523327417
-3.3016158092787258 4.3973152566477706E-002
3.6548470095173458 -0.22636626187670134
4.1744304554164717 -0.47529072328354027
-1.2722273413106340E-002 -4.8312350997143309E-002
2.7885390726412016 0.12546319961577154
-0.47806463858737031 -0.25452489218006979
-2.7638501347314879 -0.16488798854319972
5.7341270941232780 -0.28145690484088176
5.7807252050603939 -0.24954128273664522
5.4502813553884160 -0.38350690906443174
-5.0085949960145202 0.43349227038891280
-2.4186860606074396 -0.34865310479952705
-0.60052915912289972 -0.30565831223265016
-0.48143550045478484 -0.26639486519741162
-4.0075976816499894 0.40853407615328058
-0.65502784865319852 -0.31586928761340421
5.6882845413239869 -0.32136994052361345
-2.1045956607023104 -0.40744662922518454
3.8898089645616993 -0.36783309406221015
-4.8659385878222663 0.50093750710776719
3.1759281885740274 -3.0387597731745764E-002
-4.2224297741334311 0.39278361314527588
-1.2309379950813357 -0.47685738360871266
-4.1740821745675527 0.42101820700216314
4.7692241613170347 -0.46035507711302792
-5.5896616238227423 0.35196445674241122
1.9134870460159548 0.44646637074065371
-3.2676149982787717 1.9553923350308387E-002
-1.4617877410918569 -0.50052207321352493
3.0947913277494208 5.5468781103540830E-002
-0.69596394868695044 -0.30729381051237592
-5.9800669331731591 0.19498871307355872
3.4697872315360208 -0.11401973019086728
5.3325996088197583 -0.43628070572663336
6.1263634007467198 -9.9983099430048794E-002
2.4638350471537032 0.30478961604380517
3.5593960404624894 -0.17389806246567011
9.1976273899581573E-002 1.9409977156929631E-002
-1.6567258447617050 -0.54630931090837098
-0.53970153415466315 -0.24352762444703330
-1.8151260853324991 -0.52706906064632009
-0.52343055648883074 -0.29111446189497731
5.9851556865093869 -0.15256603005381955
0.50104434175411583 0.22111473321076339
4.0450494472667771 -0.42472368293889312
-6.1047992883622006 5.6631901662072985E-002
4.8766484933121328 -0.53939959454341602
-0.28595259638206449 -0.14043669140226511
-0.93907544828937506 -0.42127394269922724
6.2533789643774487 -5.9214226313848622E-002
-3.5298677825281946 0.21458056125849148
1.3215355965812841 0.50748237845841038
-0.14191850611697862 -6.9594628105185644E-002
-1.5803482321444782 -0.45036485399162235
5.9533438100083726 -0.19575237062380116
6.0664829230096800 -0.14392363409883674
2.9537164665484483 6.4158824419378230E-002
-1.7331114920454271 -0.54297452113363831
1.9523723656364360 0.48732612150923460
5.1373720711776585 -0.41380808277461328
-5.1317528444352585E-003 -4.3669709693095859E-002
4.6354776410770286 -0.54163590545276341
-4.4439529417521157 0.47522029405127186
4.1262610112546758 -0.42722109741757486
-1.4139797078808443 -0.44958855527935759
0.18589135365570647 0.14209818072376712
-2.8916935281035383 -0.14860718209582055
-2.4773346021979812 -0.32893406444138240
-4.5030007987683955 0.47613199531415540
0.70281333815523395 0.35500626827504139
-0.78052574580043543 -0.31783327266112621
5.4342997684088425 -0.33504210863192213
-5.9667899326718175 0.15305450550373731
-3.9308610517643983 0.32573709643020654
2.1451071569582418 0.39632592929348925
2.7751192645347165 0.18987577570603389
-1.6668202621381372 -0.46277118491669289
5.8935493783743791 -0.21858722094782326
-5.7803641486504782 0.28691723289825100
-5.2845085504609397 0.38636134936590855
8.9212865724146148E-002 -2.6971205744402704E-004
5.5052527468536061 -0.37300419939041302
5.4450707563630658 -0.41271138761037851
-2.8073438711048055 -0.12360434530555556
-5.9674970348240342 0.19396544084388292
1.7982104524865652 0.47418881922412703
-6.1454908220598998 5.8698832547238809E-002
-2.3976401768766284 -0.38590822786565410
-2.6794357819944103 -0.26128757277276332
-1.9510457523444367 -0.46137993044751280
-0.30145717710975789 -0.10874162577541421
5.6500734492240072 -0.26252926951118200
1.7190114046685201 0.53100208538217364
4.8185584443772784 -0.48617314949181162
5.3771010674213491 -0.41916209202449062
6.2795367009403842 4.6811185538365011E-002
1.4971929894564389 0.54463794421096512
-1.4086385775761971 -0.47122227722566284
-5.8081954896968115 0.22774837504259551
2.2455593302925081 0.35793070830157908
-5.3464173410142886 0.35849135492896739
-2.8975086939747983 -0.15406714024465415
0.49329664520979188 0.26911919216039282
-1.6601054309590546 -0.50016387523293149
-4.0130372403425554 0.40490323119563187
-3.8344635813938215 0.28018073109692221
5.4024991658801804 -0.34488033586129430
-6.0399915145523906 0.11262936268346380
-5.3585608879533524 0.38362309210921558
-0.32570486584788649 -0.14090464094785399
-2.0270289264599533 -0.41252211123397592
2.6726256788696885 0.26898565309054839
-5.3870651583243037 0.38300622762721148
-0.68199103255048521 -0.27988439005750160
3.7758548257722534E-002 1.1732560941465939E-002
6.2574390846155223 -3.1403251273884179E-002
0.21540923835621517 8.2932380453811738E-002
-1.5299482055320901 -0.51238854013774293
-5.3828998766414866 0.43566084716383202
0.88751432741896708 0.42097759782143218
-0.88224055005258428 -0.39421562569910107
3.1646955122610549 -6.7477586506654291E-003
2.4159161561639406 0.32368987067022337
0.73828805367973283 0.31648727720902614
-3.4307099809104256 0.19030109540500889
-4.6505665792347166 0.48591633956936348
-0.71965773958644275 -0.30527923819036795
1.1593576578489484 0.47722670683292273
0.67750675052338516 0.31611591053544691
1.3500469478586086 0.53470890928294246
-4.5261530675836674 0.48561368997541648
0.74321200131542886 0.31550332277372373
-2.7318167835024072 -0.16829980207638925
1.3298296625684913 0.46619170814493727
-2.3320591912682533 -0.34674277698981332
-0.85071406096236613 -0.39489549300665028
-5.2050812915807843 0.40126660728187263
3.7900742034473116 -0.28322746498469692
4.1220395752085626 -0.37487853351144734
0.98061990179422764 0.38341417862642801
1.7752192430460549 0.45352820521914705
-1.6347781194209252 -0.48038673727924380
3.6292104600659645 -0.24046070893410365
0.24545046464571568 0.15357770661430584
3.2346626301160648 -9.3300734398926805E-002
-0.34898355200571973 -0.18168577279066583
2.9463211155089248 9.7478133859360092E-002
-5.8452183802299089 0.18829560222181729
-1.7736694120967493 -0.44489068385245983
0.14209832237362394 7.6090332356017490E-002
1.2790855954342584 0.48731496558664222
5.9891132109160354 -0.18771270324862827
3.9897705993503929 -0.36995191787807541
1.1956067746162296 0.48791047918355385
0.79622237319335609 0.31419146409489429
-1.2710807086209928 -0.43172842127910005
-2.7071253453438318 -0.20997305243902317
-2.8582983055144013 -0.13203713920399013
0.10954938643234802 9.1355800112787114E-003
1.4419816387010833 0.50011695566656178
-5.5416088947699720 0.36971596591887068
-1.0782184344732075 -0.40577505704322753
0.22948506389405934 0.13962101377780292
-2.1166913552591247 -0.43056389598154649
2.7368859250871012 0.15491363915647419
-2.9833570514394228 -5.8938233979205758E-002
-1.5134658433395221 -0.52825344196943391
1.0169948507119715 0.39062832948059301
-4.0661302250448346 0.38709060175867654
-4.4118170883201424 0.46220000503371123
-0.20565518179800021 -0.14172117858654965
4.3301845032201669 -0.44620609650806659
-1.0264912879469135 -0.40516723616758443
3.1743250304668553 -4.9999543143961472E-003
3.4157583021415046 -8.7152822927011320E-002
-4.3218779792812567 0.46677509632437569
4.6386111906444905 -0.47367102676266298
2.8189097530545979 0.19952134520314463
0.73766447723419104 0.32716438612181797
-5.3908478885191693 0.36539169473387800
-0.35428562036220151 -0.18326550404735245
-4.7967706799012566 0.51895768071609572
8.3435148682682744E-002 5.9534582320147980E-002
0.58059951754121297 0.29406232163754153
-0.17713346701085367 -0.10295397779489497
-1.2212032547512879 -0.51519144877225576
1.1012553154044198 0.44844371526671195
-5.5617253311376729 0.31309884429305773
3.5660543317462112 -0.23097759341034585
3.4481655419559432 -0.19793116368410524
0.98704821064174442 0.46136386627241377
2.8442760201593198 0.11827653000712837
-3.9868628502490475 0.32532026797236030
0.53714510187309328 0.30074455055249055
3.4628238915806797 -0.19676517143136768
1.3225676656078218 0.50950890194437171
2.9563198253394107 0.11216136835572482
-2.7131085811019386 -0.17160890619533248
2.5825825117022485 0.25737916435335489
-2.4420714725388777 -0.34645576414515405
6.1313302883367031 -8.9739839690713960E-002
-0.87333507875100969 -0.37054815286105830
1.3421439765768521 0.53487691557414407
-4.6319498232239011 0.45797786374357624
3.5188653027266308 -0.17427617868421910
-5.7102168505840449 0.27083168269234659
-2.2797610999020415 -0.37647057754233060
3.6554643221144509 -0.26651739545936637
-5.3240109457723648 0.42912070053603657
2.4592460028880794 0.32094766700392052
1.3727247137156491 0.46987544549279653
1.5320133739061588 0.47486305364243159
-2.0833114587462291 -0.43273004801910209
-5.4023119445713519 0.34946489203755982
-2.9457082752076178 -8.9046274691640490E-002
-5.7217063486320159 0.23833167527080004
1.2203575137776017 0.48835015836979206
1.7015470005559075 0.47141660380827322
2.1783489102301257 0.45239264290926251
-1.8886035846999656 -0.44663071396091558
3.4628876323051956 -0.14608059327752373
5.1553643582406732 -0.42582264400443515
-1.3732428805103538 -0.48364382643338738
-4.5265953210566909 0.52078452043555767
4.4819028906874951 -0.47656531540106761
1.0175823968546529 0.43533412555513673
-5.3548732343340664 0.37048170318309054
-4.4302574253809386 0.43207285556816621
3.8961423688727796 -0.35861505772061791
6.1181337526913362 -3.6025974131957281E-002
-1.8749229759096584 -0.47485517785528375
-4.9178672851397263 0.50511003977894753
1.1923876615896658 0.51297434199276071
4.7039696321400912 -0.45200337822110931
4.0462377231825908 -0.38476625668750347
3.5135896715465282 -0.20744240696007726
1.3472161130171780 0.50038725553108698
-2.2970870450309899 -0.38713860622547980
2.6194579571544412 0.24969438790334683
5.5206375135603913 -0.30086254049656219
-3.7766991963036088E-002 -9.5068460267882862E-003
2.4475838987491767 0.32495352827334023
-2.4802035953277093 -0.35095383823831672
-4.3276243664654057 0.49562889043712310
-2.4100010876642566 -0.38396514653053326
-2.5095626958769328 -0.30266904072094947
2.2280775840700775 0.35111368317380248
4.0381046584671347 -0.35757733046698387
5.2719309177410025 -0.43371048546533764
-5.2740550899730767 0.46206588390356174
-3.9095680075429557 0.30182640186294946
0.32589814464972328 0.14133700581421496
2.2940808862084379 0.33751323541906358
-2.2283681592721090 -0.37044946384865007
-5.8433296032650841E-003 1.3095063669755850E-002
5.8561333057198484 -0.20731321352155963
0.13726631864517269 0.10022791871249642
0.45406582254583172 0.20085673049585465
-3.4527127184756456 0.19092555621754156
4.5590681590561397 -0.52917692106879732
2.5727756203353147 0.25260552762926436
-5.0863310757856395 0.46729606015806602
-5.8261254317932112 0.17372124523505894
1.3667791593671352 0.49732841510676212
5.2606390786903567 -0.43944037892377591
-6.1929338767024085 6.8574275588453859E-003
3.4272128020986661 -0.14425219600657538
-1.5642317268478656 -0.46610950264533979
-5.5973501302147035 0.28214584990941027
-1.1382208197820087 -0.44211024853320546
-4.5836710050500331 0.47330802510486525
0.19510001994330617 4.8691888248518410E-002
1.5603218712969602 0.46986858092920702
-4.8658643276079063 0.45293116825254875
1.3030491693880291 0.44993459480349562
0.73077440600723487 0.38254447664554048
-2.4446120232602659 -0.35246456862352876
4.5528940784788059 -0.46325579688660268
4.2424133254649199 -0.39611790337543784
-1.0762058361208264 -0.42518648501479045
-5.3360843928107942 0.37046584392938364
3.0301589612997772 3.2334173811215616E-002
-6.0308136941756390 0.13550850524560815
5.2058139419118419 -0.44969432848881546
5.4566124789472354 -0.32945605693389268
-5.6046832043349140 0.35741130290518264
-6.1770277569405865 1.1198169379050701E-002
1.8239318981818180 0.49267922116966129
5.4639929340300881 -0.38517749056075157
-5.1289035393991727 0.49770415312876054
3.8273266820520391 -0.27093925290534715
-3.5597976641356919 0.17011038696629782
-3.6091500252534412 0.20270589194975897
-0.96439773513905436 -0.44144005776928391
-3.6125971885162818 0.27299387029459776
5.4751480076077534 -0.31512049815804050
4.4420560927694570 -0.46342683061424056
4.5132030226301767 -0.44281045928025242
-4.7661450794356028 0.49948793828477484
-5.9751230434593561 0.11328418799740265
6.1647219699076352 -2.5394542529987837E-002
-3.5854685185961586 0.16765192810371579
-6.0598478292245233 0.12297395480929174
4.1981041315104370 -0.47982133335876309
3.5507629552936186 -0.23166970345855095
-0.84144206436441782 -0.37335758613064152
-2.5870786463677291 -0.24422348197466714
2.6944882575269267 0.20240161637286055
-5.5716721112465191 0.28046670291117987
-4.3554690017534776 0.51003654784957653
5.9500116712117856 -0.21289269034301567
1.2182548227676042 0.45044451868598734
5.6660087957938803 -0.31605327937842992
0.65111406541554739 0.29760434386488960
2.5334955188071255 0.30517743333231218
-3.4888944894116438 0.21609377037087488
-5.3923421508735088E-002 -7.1521390222529360E-002
2.4786503225116796 0.32266881263514724
2.8889341230907770 9.9307085901568518E-002
-4.6169016718095071 0.52628335649884506
-5.1405218123943666 0.45918645429668947
0.49752236124374427 0.19620099888371664
-4.6082505330464585 0.46235205533950136
3.6294482566038928 -0.26296462895244094
1.5522430800199338 0.52983301898931701
1.5558856755648758 0.54426116833501914
-5.9557072757813962 0.15457399233473784
-5.8180145588897085 0.20034325184755300
2.9456879574841173 5.9283016825483925E-002
4.4656964463576578 -0.47652070933622964
5.8557230597719725 -0.17046319528299936
-6.0444939842138030 7.4475788212363336E-002
-3.2948058301035461 0.10377384696669251
4.6535237047843392 -0.52526574718362040
-1.1381337356561636 -0.47920082517442963
-1.7992531756907442 -0.51481989977130027
4.4135415350604035 -0.49530578390317487
2.2657707584225926 0.33605305010752246
1.0546804288175129 0.47763757312349808
2.8653157188755598 0.15543589496179577
-4.7263423783709300 0.53134270666014438
6.1430189911938786 -0.11965289264185418
-5.8148739522575168 0.20524169646499529
1.7335124332275200 0.44791041188935293
0.55694319171105799 0.30277370117901209
-5.7084074890027630 0.22392170992282268
-4.1682730717604928 0.41646807448703932
4.2160136203371890 -0.43959072013375111
4.7509442783451075 -0.48872384574992439
-1.9863781454100660 -0.45842011606005784
-1.6531374100564080 -0.52573664030260825
4.0534154302175924 -0.41814635134055411
0.12176797619046040 0.10409125897711557
1.6452770486164199 0.48338757800708160
-2.6962402594821957 -0.19794072709565333
3.0188474129683676 6.1407142778899124E-002
-3.9488085685498491 0.36248750860802997
4.8421908177419262 -0.46805691351782358
2.0801430366166720 0.40809290406190774
-6.2408498553579923 1.0584056505817415E-002
-7.9629714761420087E-003 -3.4798898747745083E-002
4.3941920377372670 -0.48094867791644907
-4.1739724785184453 0.37979163166788121
5.4033664408183748 -0.42448580544887476
-2.9175271935581906 -9.4359266756525173E-002
-4.6438142319545550 0.53452486098969243
-4.1046553381225106 0.41005405269973216
4.1976971225605961 -0.46213712314826860
-6.2075133526247352 3.8958892460642242E-003
2.2714372965786644 0.41533418426317109
0.28432306584902844 0.14112632497050756
3.4755073215382235 -0.12389814146056580
6.2209825520331750 -5.3190431436981572E-002
4.5307172963587838 -0.50983081503914796
3.1811309201740348 8.1228885198516600E-003
0.52471991397591566 0.28037053612114110
5.4081226783342649 -0.40887840892589533
1.3139806414144328 0.48965391996635260
-0.57772421451092471 -0.25399759481062895
-4.3667786533626733 0.51453956387259514
1.9549637879709663 0.47328162260842371
5.4219781442946600 -0.39400569493438042
2.1835218078231984 0.38823089115042497
1.3311868779901086 0.45007932843976806
-1.6431119793859483 -0.54422897170974527
-3.5781640891502047 0.18418645628675986
4.0822017401133177 -0.42054717728368163
5.3421986760879951 -0.38574294356180600
-5.0222595957363749 0.50746583897875408
5.1833889655579890 -0.42448759137665182
-3.7600786772658989 0.25515077563368660
-2.9075890219032856 -0.16302726915224008
0.80493779629042783 0.39919063339082805
3.2592941228608696 -0.10466433804429062
-4.7901530028698049 0.47409912964379924
-4.8744539169251961 0.53569562052898390
1.8665730424298994 0.47766455543932851
-4.8481133024911651 0.48699179740254223
1.6850662235085327 0.46811653881755760
-1.8342005777749244 -0.51146490094700581
5.1935850490710269 -0.46945639639378217
1.3362438141194652 0.52916061346845289
-2.2777218493270079 -0.37552395251850057
3.9221484465257435 -0.35656069385085026
3.9578463996676239 -0.32576280804708774
-3.6230446323301679 0.25238546451056543
0.39607417490642699 0.21803892561780799
-2.8390513945355362 -0.18515448654411434
1.8415929353883687 0.48638004550863262
4.0795212884739422 -0.41086255965880009
3.8633632514056679 -0.33117395834073871
3.6800513610538359 -0.30026880990400973
-5.6399695858291983 0.27635948215075612
1.8882104529573105 0.47947973905282726
1.1300561357519701 0.48168882849415789
-5.5854648305075578 0.33185390299585882
2.3815148921816274 0.30125544618926009
0.91632044774889143 0.37670642089049478
5.5281362307042619 -0.38085345130904147
1.4286073571498472 0.46640950093064859
-0.63277331496186884 -0.27873754097334491
-1.6719460153482064 -0.47301309301522565
4.2437752069555037 -0.41592302013510324
0.96077684584415213 0.41340520629994948
-5.6576774056659218 0.30409423858129914
-5.8045871629650616 0.24124477113226075
-2.8562020108375865 -0.17661740439547449
-0.45483941132498229 -0.22180688796765577
1.5068295877117734 0.45434965064322635
5.4863552461429643 -0.40411136618453386
-2.0767618907696983 -0.46760271581865054
-5.8662800709798688 0.16450105638029636
-4.2565993015004162 0.49520213152782899
4.0668999826224388 -0.38525340928166302
-0.85925611874043972 -0.36147678721252591
