6,24049248503849 0,045532421541896
-3,15520070607805 0,513606813846231
0,0691557898528742 0,545704106121101
2,7589717821818 0,618846858973611
-1,99977614409285 0,123301257265885
3,05159724629551 0,494267102135034
-0,583191942862029 0,123900553117697
5,36256507999396 0,0685235642436595
3,88098353646403 0,222421079471571
-2,97977060286577 0,440443030661613
-3,28815444137952 0,566606062004814
-2,08571854356501 0,139307445505513
-1,14893203023011 0,0629079225874342
4,05999162824547 0,186962939881168
-3,43757399999006 0,621933451327092
-0,705648984507391 0,097587479249573
-6,05673581122677 0,94416577205756
3,62531657064772 0,286873006284142
5,22311227797882 0,0744658897202485
1,32657088980068 0,927593787342412
5,04585352676652 0,0834500292157152
0,743771694281531 0,896172650712424
-4,36763505745124 0,841097856820476
4,0108649482479 0,195977403656582
-0,363108832250987 0,207686667853464
-2,53383649094008 0,263112224132628
-5,44952250056647 0,925651588384605
-3,52295280901816 0,651110739382917
0,393852866461069 0,784806248751847
5,99792990853078 0,0500708767662991
-2,57436794893931 0,277563769932812
-6,02659212335208 0,943480094861494
-2,07965940807622 0,138101565231429
-2,44110699369917 0,231926146361495
5,91062613748628 0,0519734209463096
2,76829932561872 0,614928101399674
-0,167326156371435 0,336636551567533
0,537234720167219 0,845565103517671
-2,11121686287346 0,144514035523298
0,399859996756326 0,787885798260433
0,869810959341648 0,912969569907971
-3,73962908792568 0,716447248559
-3,33537854643821 0,584636459556597
-5,3178915251216 0,919911899067797
4,56576893889878 0,119226294659351
-0,892720153040024 0,0745016547914529
2,65973401979953 0,659753897345593
-2,98058292144982 0,44078540243281
-5,1231756375344 0,909804223978283
5,1185353137962 0,0795519699696042
-5,94153799920725 0,941437709201585
-1,34992439490978 0,0640375250217051
-1,69561648373654 0,0836700486156039
3,20163615257474 0,432799698087849
-5,94652950716468 0,941562143709695
-4,74010871896065 0,882302793827088
-1,99867872298525 0,123111842846375
4,30806789613411 0,148644502904759
5,50728552675169 0,063220303349596
-0,520596609523672 0,142207338031718
2,95572024727973 0,534977742481933
-2,37306018153916 0,210823294556751
-0,308588743499978 0,238044280467285
-0,188739544112144 0,319917914998243
-2,63568775513979 0,300286601226159
2,59015967446521 0,687313541778964
5,325604352367 0,070012918803328
-0,143031770860146 0,356284686007728
4,43752945350626 0,132732286239339
-3,84314577410185 0,743238310240526
-3,7024486124978 0,706134707024376
3,16042877244589 0,449310627855456
5,06149729179235 0,0825841038495957
-1,21053615849869 0,0624355355558424
3,22554933122562 0,423371776646196
-5,21523988342305 0,914847495577916
0,106858373058307 0,579463713097813
-6,20818545345297 0,947336694804171
-6,16756163275479 0,946528755477224
-2,87756630783139 0,397468895574121
2,20739910373852 0,813502705987771
1,55452736732799 0,917094251608027
5,02977020785533 0,0843562726844736
1,51000728756771 0,920000725585309
-0,313797196173662 0,234958369486643
-3,70654128984584 0,707287996686011
-3,29821787895507 0,570487365732447
-1,19171122377155 0,0624995475389106
5,33048767967224 0,0698127595613293
-0,0512239900511318 0,435806542727707
1,76676212240783 0,896917600942465
1,03963870891243 0,925079444997913
2,80932993475399 0,597580605509741
6,17283471833253 0,0466981430750145
4,91677280498548 0,0912098411969569
1,5145722506086 0,919722427845665
1,68041695619841 0,906452358646368
-1,18757392881604 0,0625229538816106
5,18408639948341 0,0762959446864325
0,224405537575818 0,676641587920278
-3,7428054168059 0,717311145392491
4,42099517991141 0,134629478044132
-6,06078618954847 0,944256450247879
0,413632252768246 0,794758293254981
-5,30521219184088 0,919315919552956
5,00572648761129 0,0857420181657345
-3,99723304554587 0,778126938589915
0,553703354072987 0,850996068680018
5,42659855286755 0,0660775308375406
-4,28341684374035 0,829036056113008
2,07166840473856 0,846050825292759
-1,56519540723992 0,0735086074802219
-3,9354726503488 0,764831967096101
-2,72889640161273 0,336547320608904
0,748973269092256 0,897035895050895
4,04638862718654 0,189407470769095
-4,16892653881394 0,8106344603031
0,36930762298542 0,771697283425201
2,54231153646303 0,705591020194938
5,52637324376195 0,0625786812880492
-4,69536834419774 0,878240663494799
-5,33248626621094 0,920588082151563
-5,20922841849051 0,914533302122608
5,69710281406608 0,0573633199797588
1,97061393391512 0,866143404331795
2,17770177861929 0,821184470010504
-1,54801564109563 0,0724312517587841
5,23550681927867 0,0739007782476482
1,14164348426729 0,928164692974969
1,75924755891236 0,897824552970882
0,700218315262053 0,888270781469191
2,18724075892316 0,818751568172959
-0,445407121750082 0,169647124746456
-6,07892048827164 0,944658286092615
-3,31583529522722 0,577231856803336
1,73701325100602 0,900420311236621
-2,4106553822959 0,222289878731501
-2,03139467704594 0,128918489407745
2,68960937775902 0,647611168803976
-3,95622472924852 0,769399309424717
1,62014048411873 0,9120083743525
5,73348612799919 0,056363133785625
-3,98191965409858 0,774913598006433
0,784329654792855 0,902483962828384
0,638259755727897 0,874720269746439
3,97074705791606 0,203730012655603
-4,30321800308298 0,831978987183671
-2,58978356479618 0,283182193604437
-0,068847553779256 0,420026521745218
-4,23699583921507 0,821866401616183
3,38492002422677 0,363883566313245
-4,08813430316448 0,796118167198302
-5,55156795748493 0,929592406612259
-3,23707811557253 0,546602937661274
-2,91981826315759 0,415189910281755
3,72290548339271 0,260211396176657
2,06773012613278 0,846898536137351
5,64388996658639 0,0588932322144463
0,0641317108589376 0,541148624266274
1,09817341699036 0,92717691042886
2,8906013358211 0,562873165568159
4,82061100625376 0,097781917712599
-3,15401578628417 0,513122088020261
-3,36344962899813 0,59512462892009
3,33380036626734 0,3822877069288
-4,48645657923111 0,856224662204773
3,30836782760417 0,391690754839441
-2,97935465820426 0,440267718686756
0,433486926211594 0,804213570775706
-4,95704122754652 0,899309021068492
5,01726975618648 0,0850720417187753
-4,65319961617861 0,874215501150094
-4,8415055900744 0,890773562399432
-2,89667246609846 0,405469610817936
6,26692026502652 0,0450961380844135
2,6683199069614 0,656281483368249
-1,80670357045235 0,0953379530262304
-6,26439017752933 0,948406746427607
1,28588569401233 0,928343751540057
5,70751583410688 0,0570733539655069
1,9038500064135 0,877593152825376
3,31907545329483 0,387712377644376
5,90580988470065 0,0520830639873522
3,09041548557525 0,478037428180164
-4,86518828384304 0,89261505558328
5,37812329359943 0,0679139367222827
-5,97463049318859 0,942251828770302
-4,66360008391337 0,875226545376859
3,64619421400931 0,280947727943809
-0,136982253306183 0,361282716583726
5,92612169251634 0,0516240765964215
-1,36459427920459 0,0644126730068325
-4,2000876515292 0,815885421317319
0,214132385739429 0,66878289557495
-4,28605676619642 0,829432327043056
-0,524747321705584 0,140874043595667
-1,39153065329724 0,0652027247858921
-4,83075052114933 0,889920797976401
4,68484005038504 0,108404639761902
-4,08354249184662 0,795252556796575
-4,0549907374402 0,789768792752971
5,77808220804129 0,0551853665092522
-4,25391484050236 0,824524193557459
6,02471567365238 0,0495180161639152
0,854645957239233 0,911360055471078
1,51834876967905 0,919488817924588
-4,78715606756389 0,886355275740067
4,91935660974617 0,0910430815250625
-3,36035239354901 0,593976150698494
-0,627337110653722 0,113107869093979
0,0165150630359728 0,497606444981687
0,369777278812664 0,771956123054503
-4,27715500484259 0,828091248076017
4,69042823662314 0,10793324736851
-4,34175566706309 0,837516243061429
-0,715323364680483 0,0959527240307097
2,5894445666238 0,687591011993083
-4,26844068244566 0,826764945160553
5,56373048006381 0,0613588461745543
0,521015721809041 0,839932326111839
-1,72869786681389 0,0868382611639154
-2,83031470440899 0,377808902279534
-1,49890702771367 0,0696683336325982
-4,089731645054 0,796418236366971
-2,75083942062028 0,345338698280514
5,07771175355663 0,0817024452737105
-3,41561572479153 0,614130205719785
4,92678941913763 0,0905661039857178
-4,56036201582662 0,86463005584825
-3,45130326732633 0,626751337035532
-3,54517996881984 0,658394226620253
-0,515841977410046 0,143756674757511
2,27841215701864 0,793847736034962
4,75082341524756 0,103031362267177
1,58436642598181 0,914902193537682
-2,80753571070957 0,368414235728834
4,2234887978923 0,160457740666175
5,50221247519703 0,0633929705759279
6,15348207379575 0,0470450304828909
4,79082256585268 0,099970534662848
3,76053141213862 0,250625230778805
-4,45809128623989 0,852801561016915
-5,94919434972925 0,941628335862844
1,80304376552873 0,89232319127819
-2,78640128694172 0,359757021121726
3,18261992731821 0,440378994889132
-4,79846591919766 0,887297381976245
-2,33435719230588 0,199524483555318
-2,55694234525866 0,271292670495499
-4,11370782685987 0,800857853471267
-0,599513835348347 0,119720522019509
0,840272952677392 0,909739965724348
-3,75591138903168 0,720847380373706
-3,12192380377772 0,499928006268415
2,12039326169744 0,835116825892507
0,501336202071057 0,832703511258923
-2,98399070137865 0,442221636290592
-1,27050550817233 0,0626842409970853
-3,46454762753477 0,631353915669851
2,27663528355698 0,79436162906493
0,222118375690305 0,674903950411328
5,2209094145707 0,0745671263865691
0,219524456160006 0,672924916924235
-6,13805386048615 0,945922890008956
4,88463730723487 0,0933256705125986
-0,117919824784775 0,377287033096022
-3,90994027033797 0,759070531602565
-2,01153401611877 0,125353898355362
1,32737007712431 0,927575653516724
-0,423771529478812 0,178786821987043
-1,29046426428346 0,0629160301884526
-1,63997114013131 0,0788935887611516
-4,59869776170331 0,868713664376522
5,71422123427122 0,0568882186326746
-2,29905423908505 0,189671145301111
-4,81467534929972 0,888626602214272
0,358018319879013 0,765380455689218
-0,496872343115308 0,150177868506638
-3,98896363458085 0,776398411673638
1,20678875733001 0,928810876408646
3,88904447098684 0,220663973472128
1,29514915933416 0,928202970489078
-3,92005648988108 0,76137217484963
5,62823397880833 0,0593591692834377
2,67652562435995 0,65294956910662
3,99726355168943 0,198565629786088
-5,03901775636443 0,904728733250686
4,01243149033557 0,195681918057524
-0,269913049120042 0,262202384594017
1,94072524582044 0,871442834246314
0,691798659170514 0,886596506428802
3,80460831087333 0,239872597335123
2,08428091853624 0,843299918305886
-4,43079677654892 0,849399098668089
2,32520598662509 0,779909582302123
-0,449337822727715 0,168049290985206
3,63516440459602 0,28406294559097
3,57039164824178 0,303044314019499
-0,643037480711568 0,109646028643605
5,53867608280586 0,0621717715172763
-6,09871073383233 0,945089196844539
4,05651996838277 0,187583119396699
-3,74990430212337 0,71923221014951
2,00081611878212 0,860495051262884
-2,93290843789291 0,420697366931443
2,49950526973452 0,721413322636355
-0,561670913450295 0,129773483301778
2,4348844534349 0,744260667748484
0,397676981896464 0,786772471763706
-2,40671323092507 0,221065052302733
2,36045269896303 0,768901390904962
-5,24924593838014 0,916587116943507
-5,62348610733664 0,932133809060386
3,178617820003 0,441983014787036
2,69923545167359 0,643664180192285
0,670154784456383 0,882058607235375
3,01720059312652 0,508788639999346
0,596738426645429 0,863897078599852
2,06934960109814 0,846550592947049
3,34975323629325 0,37647217657119
-0,721433430694403 0,0949493775805869
-5,92868273534 0,941114513636517
1,57482947608338 0,915624451954554
2,3094286830689 0,784695910843905
5,83050131855718 0,0538654105739892
5,06194690134373 0,0825594403288156
2,96202932103267 0,532280369145457
5,49574680711615 0,0636143558071336
-4,57268542185284 0,865962654869462
-5,23421445614801 0,915825989358916
-5,55444929879119 0,929697821055697
1,63688955749441 0,910551536979916
-1,48855422704588 0,069144661541167
-5,42598441796203 0,924682278381843
-6,25246164532856 0,948184141580301
4,51855727592134 0,123959471036818
-0,170518909901647 0,33410706785398
0,782791065756226 0,902261546381957
2,05927877086873 0,848699665712912
-0,0541518650810721 0,433172442072874
-4,33879880613704 0,837100117469976
1,18284562793505 0,928685393741415
1,11089676585795 0,927514290033269
1,25741015935285 0,928664708493739
-3,30824441641962 0,574333783419616
-0,180327384821976 0,326416054028433
3,95972847240273 0,205922806780619
4,93217801201824 0,0902228323076635
3,92215567811016 0,213611335815086
-3,51049446329182 0,646971161435761
0,332546757856566 0,7504526393287
-5,99190773068399 0,942666887669083
4,85757799469495 0,0951688985962795
2,37074831452428 0,76560455261404
6,02469889353765 0,0495183581629727
4,27056280724236 0,153735440159763
-2,39797813219156 0,218369724487545
3,35346123455601 0,375129726958755
-5,34183847838105 0,921015928358939
-3,65951088058198 0,693763331394659
5,952544357507 0,0510401898451395
-2,2131046195982 0,167498736428493
-3,54281945962901 0,657626957487858
4,80374479262878 0,0990118019174413
-4,65689889906476 0,87457650700388
-2,67775928598974 0,316419068473732
5,81006992383669 0,0543718562261772
4,72634136556277 0,104976634514274
-3,32961489309894 0,582461309790843
-0,687193610276543 0,100868215997632
5,00838083087297 0,0855871854683439
-5,47167782161635 0,926542636680333
0,0563074774496236 0,534034080069439
-0,0184759611645253 0,465532663831698
-0,974980761468143 0,068811688382384
1,10752472043405 0,927428836016896
-2,23512316369635 0,17293375071729
-4,36178134555971 0,840297138558507
-3,11121310121953 0,495498327150322
-6,10321839977241 0,945186251618025
2,426054599405 0,747280074827715
2,86633919627856 0,573263916692282
-2,44173189694265 0,232127111702307
-3,321056637477 0,579218190293855
3,07722075864996 0,483532876894462
2,11769225497415 0,835744711182368
3,54135356017692 0,311936720590817
-5,71855652446778 0,935224253799935
-4,43357494003002 0,849750386471417
-2,89753519747338 0,40583142367081
-0,218559408264188 0,297641788358029
-5,4720000061221 0,926555444681812
3,93752623207894 0,210426197362564
5,81799776859574 0,054174144161508
-3,41427488210505 0,613649867684055
-0,860770279020527 0,0773405552088425
-1,57251102491009 0,0739851498807916
-1,89404805049085 0,106696514881886
-0,28240355779495 0,25416058805311
4,79177029421465 0,0998997294545638
